<?xml version="1.0" encoding="utf-8"?>
<COLLADA xmlns="http://www.collada.org/2005/11/COLLADASchema" version="1.4.1">
  <asset><contributor><author>Mixamo</author><authoring_tool>COLLADA Mixamo exporter</authoring_tool><comments></comments></contributor><created>2018-12-17T17:17:18Z</created><modified>2018-12-17T17:17:18Z</modified><revision></revision><title></title><unit meter="0.010000"/><up_axis>Y_UP</up_axis></asset>
  <library_animations>
    <animation id="Hips-anim" name="Hips"><source id="Hips-Matrix-animation-input"><float_array id="Hips-Matrix-animation-input-array" count="60">

0.000000 0.033333 0.066667 0.100000 0.133333 0.166667 0.200000 0.233333 0.266667 0.300000 0.333333 0.366667 0.400000 0.433333 0.466667 0.500000
0.533333 0.566667 0.600000 0.633333 0.666667 0.700000 0.733333 0.766667 0.800000 0.833333 0.866667 0.900000 0.933333 0.966667 1.000000 1.033333
1.066667 1.100000 1.133333 1.166667 1.200000 1.233333 1.266667 1.300000 1.333333 1.366667 1.400000 1.433333 1.466667 1.500000 1.533333 1.566667
1.600000 1.633333 1.666667 1.700000 1.733333 1.766667 1.800000 1.833333 1.866667 1.900000 1.933333 1.966667</float_array><technique_common><accessor source="#Hips-Matrix-animation-input-array" count="60"><param name="TIME" type="float"/></accessor></technique_common></source><source id="Hips-Matrix-animation-output-transform"><float_array id="Hips-Matrix-animation-output-transform-array" count="960">

0.730076 0.051135 -0.681451 0.069819 0.002572 0.996984 0.077567 89.495850 0.683362 -0.058383 0.727742 -0.878076 0.000000 0.000000 0.000000 1.000000
0.729775 0.051381 -0.681754 0.081214 0.002573 0.996959 0.077891 89.504524 0.683683 -0.058597 0.727423 -0.887769 0.000000 0.000000 0.000000 1.000000
0.729562 0.051593 -0.681966 0.093943 0.002574 0.996936 0.078174 89.513626 0.683910 -0.058788 0.727194 -0.893334 0.000000 0.000000 0.000000 1.000000
0.729562 0.051938 -0.681940 0.105904 0.002418 0.996910 0.078513 89.523750 0.683910 -0.058928 0.727182 -0.891968 0.000000 0.000000 0.000000 1.000000
0.729843 0.052309 -0.681610 0.114851 0.002212 0.996882 0.078873 89.535126 0.683611 -0.059072 0.727452 -0.880988 0.000000 0.000000 0.000000 1.000000
0.730344 0.052701 -0.681044 0.119292 0.002055 0.996845 0.079342 89.547363 0.683077 -0.059346 0.727932 -0.859480 0.000000 0.000000 0.000000 1.000000
0.730911 0.053105 -0.680403 0.119652 0.002016 0.996796 0.079965 89.560844 0.682470 -0.059819 0.728462 -0.828652 0.000000 0.000000 0.000000 1.000000
0.731382 0.053519 -0.679865 0.117590 0.002052 0.996739 0.080670 89.577812 0.681965 -0.060395 0.728887 -0.790534 0.000000 0.000000 0.000000 1.000000
0.731659 0.053827 -0.679542 0.115016 0.002126 0.996692 0.081238 89.600288 0.681667 -0.060883 0.729125 -0.746506 0.000000 0.000000 0.000000 1.000000
0.731724 0.054011 -0.679457 0.114008 0.002184 0.996665 0.081578 89.627190 0.681597 -0.061177 0.729166 -0.697427 0.000000 0.000000 0.000000 1.000000
0.731604 0.054147 -0.679576 0.117257 0.002223 0.996646 0.081803 89.653862 0.681726 -0.061358 0.729030 -0.644846 0.000000 0.000000 0.000000 1.000000
0.731385 0.054365 -0.679794 0.126790 0.002266 0.996618 0.082140 89.674774 0.681961 -0.061616 0.728789 -0.591443 0.000000 0.000000 0.000000 1.000000
0.731256 0.054697 -0.679906 0.141155 0.002358 0.996571 0.082709 89.687737 0.682099 -0.062085 0.728620 -0.539724 0.000000 0.000000 0.000000 1.000000
0.731440 0.055090 -0.679677 0.154868 0.002500 0.996508 0.083461 89.696144 0.681901 -0.062745 0.728748 -0.490322 0.000000 0.000000 0.000000 1.000000
0.731973 0.055548 -0.679065 0.162144 0.002574 0.996438 0.084285 89.707436 0.681329 -0.063442 0.729223 -0.442702 0.000000 0.000000 0.000000 1.000000
0.732573 0.055992 -0.678382 0.162325 0.002528 0.996380 0.084970 89.727463 0.680684 -0.063961 0.729780 -0.397174 0.000000 0.000000 0.000000 1.000000
0.732843 0.056367 -0.678059 0.159757 0.002352 0.996347 0.085368 89.756432 0.680394 -0.064156 0.730033 -0.355296 0.000000 0.000000 0.000000 1.000000
0.732622 0.056625 -0.678276 0.159066 0.002121 0.996339 0.085469 89.789055 0.680633 -0.064055 0.729819 -0.317852 0.000000 0.000000 0.000000 1.000000
0.732121 0.056807 -0.678801 0.161155 0.001907 0.996342 0.085437 89.818756 0.681171 -0.063845 0.729335 -0.283329 0.000000 0.000000 0.000000 1.000000
0.731706 0.056978 -0.679235 0.163907 0.001753 0.996339 0.085467 89.841492 0.681618 -0.063727 0.728928 -0.248383 0.000000 0.000000 0.000000 1.000000
0.731592 0.057090 -0.679348 0.165038 0.001707 0.996331 0.085567 89.857338 0.681740 -0.063760 0.728810 -0.209959 0.000000 0.000000 0.000000 1.000000
0.731750 0.057195 -0.679169 0.163404 0.001720 0.996315 0.085755 89.869484 0.681571 -0.063919 0.728955 -0.166773 0.000000 0.000000 0.000000 1.000000
0.732028 0.057274 -0.678862 0.159454 0.001766 0.996297 0.085960 89.881241 0.681272 -0.064124 0.729217 -0.120040 0.000000 0.000000 0.000000 1.000000
0.732285 0.057266 -0.678587 0.154428 0.001872 0.996285 0.086096 89.893898 0.680996 -0.064317 0.729457 -0.072917 0.000000 0.000000 0.000000 1.000000
0.732411 0.057203 -0.678456 0.149472 0.001992 0.996280 0.086150 89.905945 0.680860 -0.064448 0.729573 -0.029751 0.000000 0.000000 0.000000 1.000000
0.732362 0.057086 -0.678518 0.145439 0.002101 0.996285 0.086089 89.915558 0.680912 -0.064474 0.729522 0.004968 0.000000 0.000000 0.000000 1.000000
0.732149 0.056974 -0.678758 0.142038 0.002139 0.996298 0.085935 89.922264 0.681141 -0.064369 0.729317 0.028246 0.000000 0.000000 0.000000 1.000000
0.731889 0.056828 -0.679051 0.138291 0.002124 0.996321 0.085669 89.927147 0.681421 -0.064143 0.729076 0.039920 0.000000 0.000000 0.000000 1.000000
0.731686 0.056679 -0.679281 0.133526 0.002055 0.996349 0.085349 89.930435 0.681639 -0.063845 0.728898 0.041813 0.000000 0.000000 0.000000 1.000000
0.731555 0.056591 -0.679430 0.128381 0.001931 0.996373 0.085068 89.929489 0.681780 -0.063544 0.728792 0.035583 0.000000 0.000000 0.000000 1.000000
0.731473 0.056499 -0.679526 0.124589 0.001850 0.996393 0.084836 89.920189 0.681868 -0.063313 0.728730 0.021654 0.000000 0.000000 0.000000 1.000000
0.731473 0.056447 -0.679530 0.122622 0.001818 0.996403 0.084725 89.900887 0.681868 -0.063210 0.728739 0.000278 0.000000 0.000000 0.000000 1.000000
0.731633 0.056471 -0.679356 0.121162 0.001792 0.996400 0.084754 89.875458 0.681697 -0.063226 0.728898 -0.027426 0.000000 0.000000 0.000000 1.000000
0.731939 0.056541 -0.679020 0.118008 0.001732 0.996393 0.084836 89.852127 0.681368 -0.063271 0.729201 -0.059470 0.000000 0.000000 0.000000 1.000000
0.732242 0.056626 -0.678687 0.111907 0.001616 0.996390 0.084877 89.838120 0.681043 -0.063247 0.729507 -0.093803 0.000000 0.000000 0.000000 1.000000
0.732333 0.056487 -0.678599 0.104616 0.001560 0.996412 0.084626 89.834564 0.680944 -0.063033 0.729617 -0.129759 0.000000 0.000000 0.000000 1.000000
0.732118 0.056181 -0.678858 0.099218 0.001559 0.996452 0.084146 89.834579 0.681177 -0.062663 0.729433 -0.168102 0.000000 0.000000 0.000000 1.000000
0.731724 0.055866 -0.679307 0.097576 0.001582 0.996494 0.083654 89.827812 0.681599 -0.062286 0.729070 -0.209436 0.000000 0.000000 0.000000 1.000000
0.731439 0.055643 -0.679633 0.098074 0.001624 0.996520 0.083335 89.808044 0.681905 -0.062058 0.728803 -0.252136 0.000000 0.000000 0.000000 1.000000
0.731455 0.055506 -0.679627 0.097085 0.001682 0.996532 0.083198 89.777763 0.681888 -0.061999 0.728825 -0.292684 0.000000 0.000000 0.000000 1.000000
0.731703 0.055388 -0.679369 0.092390 0.001751 0.996537 0.083133 89.745827 0.681621 -0.062018 0.729072 -0.328438 0.000000 0.000000 0.000000 1.000000
0.731909 0.055220 -0.679162 0.084406 0.001851 0.996546 0.083020 89.720924 0.681400 -0.062020 0.729278 -0.359782 0.000000 0.000000 0.000000 1.000000
0.731839 0.054947 -0.679259 0.075167 0.001982 0.996568 0.082751 89.705597 0.681475 -0.061906 0.729219 -0.389991 0.000000 0.000000 0.000000 1.000000
0.731470 0.054630 -0.679681 0.066412 0.002116 0.996599 0.082379 89.695786 0.681870 -0.061696 0.728867 -0.423206 0.000000 0.000000 0.000000 1.000000
0.730968 0.054324 -0.680246 0.059362 0.002238 0.996630 0.081996 89.684784 0.682408 -0.061459 0.728383 -0.462474 0.000000 0.000000 0.000000 1.000000
0.730546 0.054086 -0.680718 0.054405 0.002303 0.996658 0.081661 89.668381 0.682860 -0.061225 0.727980 -0.508459 0.000000 0.000000 0.000000 1.000000
0.730331 0.053887 -0.680964 0.050978 0.002315 0.996683 0.081354 89.646782 0.683089 -0.060991 0.727784 -0.559314 0.000000 0.000000 0.000000 1.000000
0.730334 0.053671 -0.680979 0.047918 0.002308 0.996709 0.081031 89.623642 0.683087 -0.060751 0.727806 -0.611610 0.000000 0.000000 0.000000 1.000000
0.730488 0.053428 -0.680833 0.044588 0.002304 0.996737 0.080691 89.603249 0.682922 -0.060512 0.727980 -0.661883 0.000000 0.000000 0.000000 1.000000
0.730696 0.053157 -0.680631 0.042040 0.002327 0.996764 0.080345 89.587273 0.682700 -0.060292 0.728208 -0.707390 0.000000 0.000000 0.000000 1.000000
0.730836 0.052824 -0.680506 0.042437 0.002417 0.996794 0.079971 89.574303 0.682549 -0.060091 0.728366 -0.745881 0.000000 0.000000 0.000000 1.000000
0.730808 0.052460 -0.680564 0.046674 0.002554 0.996825 0.079581 89.561485 0.682578 -0.059896 0.728354 -0.775855 0.000000 0.000000 0.000000 1.000000
0.730597 0.052233 -0.680809 0.053293 0.002610 0.996849 0.079281 89.547447 0.682804 -0.059699 0.728158 -0.797258 0.000000 0.000000 0.000000 1.000000
0.730279 0.052106 -0.681158 0.059909 0.002610 0.996867 0.079055 89.533264 0.683144 -0.059510 0.727855 -0.812151 0.000000 0.000000 0.000000 1.000000
0.729989 0.051995 -0.681479 0.064678 0.002610 0.996883 0.078856 89.520767 0.683454 -0.059343 0.727577 -0.823694 0.000000 0.000000 0.000000 1.000000
0.729829 0.051872 -0.681659 0.066884 0.002610 0.996898 0.078655 89.511208 0.683625 -0.059184 0.727430 -0.834646 0.000000 0.000000 0.000000 1.000000
0.729840 0.051698 -0.681660 0.067175 0.002611 0.996918 0.078404 89.504646 0.683613 -0.059002 0.727456 -0.846354 0.000000 0.000000 0.000000 1.000000
0.729963 0.051462 -0.681547 0.067095 0.002613 0.996944 0.078076 89.500404 0.683482 -0.058773 0.727598 -0.858981 0.000000 0.000000 0.000000 1.000000
0.730056 0.051203 -0.681466 0.068591 0.002614 0.996973 0.077710 89.497307 0.683382 -0.058514 0.727712 -0.871892 0.000000 0.000000 0.000000 1.000000
0.730056 0.051079 -0.681476 0.069896 0.002615 0.996987 0.077529 89.495872 0.683382 -0.058382 0.727723 -0.878181 0.000000 0.000000 0.000000 1.000000</float_array><technique_common><accessor source="#Hips-Matrix-animation-output-transform-array" count="60" stride="16"><param type="float4x4"/></accessor></technique_common></source><source id="Hips-Interpolations"><Name_array id="Hips-Interpolations-array" count="60">
 LINEAR LINEAR LINEAR LINEAR LINEAR LINEAR LINEAR LINEAR LINEAR LINEAR LINEAR
LINEAR LINEAR LINEAR LINEAR LINEAR LINEAR LINEAR LINEAR LINEAR LINEAR LINEAR LINEAR
LINEAR LINEAR LINEAR LINEAR LINEAR LINEAR LINEAR LINEAR LINEAR LINEAR LINEAR LINEAR
LINEAR LINEAR LINEAR LINEAR LINEAR LINEAR LINEAR LINEAR LINEAR LINEAR LINEAR LINEAR
LINEAR LINEAR LINEAR LINEAR LINEAR LINEAR LINEAR LINEAR LINEAR LINEAR LINEAR LINEAR
LINEAR</Name_array><technique_common><accessor source="#Hips-Interpolations-array" count="60"><param type="name"/></accessor></technique_common></source><sampler id="Hips-Matrix-animation-transform"><input semantic="INPUT" source="#Hips-Matrix-animation-input"/><input semantic="OUTPUT" source="#Hips-Matrix-animation-output-transform"/><input semantic="INTERPOLATION" source="#Hips-Interpolations"/></sampler><channel source="#Hips-Matrix-animation-transform" target="Hips/matrix"/></animation>
    <animation id="Spine-anim" name="Spine"><source id="Spine-Matrix-animation-input"><float_array id="Spine-Matrix-animation-input-array" count="60">

0.000000 0.033333 0.066667 0.100000 0.133333 0.166667 0.200000 0.233333 0.266667 0.300000 0.333333 0.366667 0.400000 0.433333 0.466667 0.500000
0.533333 0.566667 0.600000 0.633333 0.666667 0.700000 0.733333 0.766667 0.800000 0.833333 0.866667 0.900000 0.933333 0.966667 1.000000 1.033333
1.066667 1.100000 1.133333 1.166667 1.200000 1.233333 1.266667 1.300000 1.333333 1.366667 1.400000 1.433333 1.466667 1.500000 1.533333 1.566667
1.600000 1.633333 1.666667 1.700000 1.733333 1.766667 1.800000 1.833333 1.866667 1.900000 1.933333 1.966667</float_array><technique_common><accessor source="#Spine-Matrix-animation-input-array" count="60"><param name="TIME" type="float"/></accessor></technique_common></source><source id="Spine-Matrix-animation-output-transform"><float_array id="Spine-Matrix-animation-output-transform-array" count="960">

0.996596 0.021689 0.079536 0.000000 -0.013563 0.994762 -0.101318 9.226300 -0.081317 0.099894 0.991670 1.577100 0.000000 0.000000 0.000000 1.000000
0.996596 0.021679 0.079539 0.000000 -0.013557 0.994767 -0.101266 9.226300 -0.081318 0.099843 0.991675 1.577100 0.000000 0.000000 0.000000 1.000000
0.996596 0.021650 0.079546 -0.000000 -0.013537 0.994778 -0.101158 9.226300 -0.081320 0.099737 0.991685 1.577100 0.000000 0.000000 0.000000 1.000000
0.996601 0.021584 0.079504 0.000000 -0.013489 0.994796 -0.100991 9.226300 -0.081270 0.099575 0.991706 1.577100 0.000000 0.000000 0.000000 1.000000
0.996612 0.021480 0.079393 0.000000 -0.013414 0.994820 -0.100761 9.226300 -0.081146 0.099355 0.991738 1.577100 0.000000 0.000000 0.000000 1.000000
0.996635 0.021299 0.079146 0.000000 -0.013282 0.994851 -0.100478 9.226300 -0.080879 0.099089 0.991786 1.577100 0.000000 0.000000 0.000000 1.000000
0.996659 0.021121 0.078893 0.000000 -0.013155 0.994885 -0.100157 9.226300 -0.080604 0.098785 0.991839 1.577100 0.000000 0.000000 0.000000 1.000000
0.996674 0.020974 0.078750 0.000000 -0.013053 0.994923 -0.099789 9.226300 -0.080443 0.098429 0.991887 1.577100 0.000000 0.000000 0.000000 1.000000
0.996678 0.020856 0.078728 0.000000 -0.012971 0.994967 -0.099364 9.226300 -0.080404 0.098013 0.991932 1.577100 0.000000 0.000000 0.000000 1.000000
0.996675 0.020758 0.078795 0.000000 -0.012907 0.995017 -0.098871 9.226300 -0.080455 0.097526 0.991976 1.577100 0.000000 0.000000 0.000000 1.000000
0.996668 0.020667 0.078908 -0.000000 -0.012847 0.995069 -0.098354 9.226300 -0.080551 0.097012 0.992018 1.577100 0.000000 0.000000 0.000000 1.000000
0.996660 0.020569 0.079031 -0.000000 -0.012777 0.995117 -0.097868 9.226300 -0.080659 0.096531 0.992056 1.577100 0.000000 0.000000 0.000000 1.000000
0.996656 0.020449 0.079112 0.000000 -0.012684 0.995161 -0.097433 9.226300 -0.080722 0.096104 0.992093 1.577100 0.000000 0.000000 0.000000 1.000000
0.996662 0.020294 0.079081 0.000000 -0.012566 0.995202 -0.097028 9.226300 -0.080671 0.095710 0.992135 1.577100 0.000000 0.000000 0.000000 1.000000
0.996677 0.020104 0.078930 0.000000 -0.012424 0.995245 -0.096612 9.226300 -0.080497 0.095310 0.992188 1.577100 0.000000 0.000000 0.000000 1.000000
0.996693 0.019909 0.078782 -0.000000 -0.012280 0.995290 -0.096156 9.226300 -0.080325 0.094871 0.992244 1.577100 0.000000 0.000000 0.000000 1.000000
0.996699 0.019733 0.078748 -0.000000 -0.012147 0.995339 -0.095670 9.226300 -0.080269 0.094398 0.992293 1.577100 0.000000 0.000000 0.000000 1.000000
0.996695 0.019602 0.078835 0.000000 -0.012048 0.995387 -0.095185 9.226300 -0.080337 0.093920 0.992333 1.577100 0.000000 0.000000 0.000000 1.000000
0.996687 0.019503 0.078961 0.000000 -0.011974 0.995431 -0.094732 9.226300 -0.080448 0.093472 0.992366 1.577100 0.000000 0.000000 0.000000 1.000000
0.996683 0.019406 0.079040 0.000000 -0.011901 0.995469 -0.094340 9.226300 -0.080513 0.093086 0.992397 1.577100 0.000000 0.000000 0.000000 1.000000
0.996685 0.019304 0.079039 0.000000 -0.011828 0.995503 -0.093986 9.226300 -0.080498 0.092739 0.992431 1.577100 0.000000 0.000000 0.000000 1.000000
0.996691 0.019211 0.078985 0.000000 -0.011767 0.995536 -0.093651 9.226300 -0.080432 0.092411 0.992467 1.577100 0.000000 0.000000 0.000000 1.000000
0.996696 0.019136 0.078936 -0.000000 -0.011723 0.995567 -0.093323 9.226300 -0.080372 0.092089 0.992502 1.577100 0.000000 0.000000 0.000000 1.000000
0.996698 0.019081 0.078925 -0.000000 -0.011694 0.995596 -0.093019 9.226300 -0.080352 0.091789 0.992531 1.577100 0.000000 0.000000 0.000000 1.000000
0.996697 0.019044 0.078941 0.000000 -0.011676 0.995619 -0.092769 9.226300 -0.080361 0.091541 0.992553 1.577100 0.000000 0.000000 0.000000 1.000000
0.996694 0.019033 0.078980 -0.000000 -0.011674 0.995635 -0.092601 9.226300 -0.080398 0.091373 0.992566 1.577100 0.000000 0.000000 0.000000 1.000000
0.996691 0.019057 0.079023 0.000000 -0.011699 0.995639 -0.092550 9.226300 -0.080443 0.091319 0.992567 1.577100 0.000000 0.000000 0.000000 1.000000
0.996686 0.019122 0.079061 0.000000 -0.011754 0.995630 -0.092639 9.226300 -0.080487 0.091403 0.992556 1.577100 0.000000 0.000000 0.000000 1.000000
0.996682 0.019211 0.079092 0.000000 -0.011823 0.995611 -0.092843 9.226300 -0.080529 0.091600 0.992534 1.577100 0.000000 0.000000 0.000000 1.000000
0.996678 0.019310 0.079125 0.000000 -0.011898 0.995586 -0.093099 9.226300 -0.080574 0.091848 0.992508 1.577100 0.000000 0.000000 0.000000 1.000000
0.996673 0.019404 0.079156 -0.000000 -0.011966 0.995559 -0.093379 9.226300 -0.080616 0.092121 0.992479 1.577100 0.000000 0.000000 0.000000 1.000000
0.996672 0.019487 0.079154 0.000000 -0.012022 0.995526 -0.093716 9.226300 -0.080626 0.092453 0.992447 1.577100 0.000000 0.000000 0.000000 1.000000
0.996674 0.019557 0.079108 0.000000 -0.012062 0.995486 -0.094134 9.226300 -0.080592 0.092867 0.992412 1.577100 0.000000 0.000000 0.000000 1.000000
0.996678 0.019622 0.079041 0.000000 -0.012097 0.995445 -0.094569 9.226300 -0.080536 0.093299 0.992376 1.577100 0.000000 0.000000 0.000000 1.000000
0.996680 0.019694 0.078999 0.000000 -0.012142 0.995407 -0.094963 9.226300 -0.080506 0.093689 0.992341 1.577100 0.000000 0.000000 0.000000 1.000000
0.996677 0.019788 0.079017 0.000000 -0.012207 0.995374 -0.095302 9.226300 -0.080537 0.094021 0.992307 1.577100 0.000000 0.000000 0.000000 1.000000
0.996670 0.019901 0.079081 -0.000000 -0.012288 0.995342 -0.095619 9.226300 -0.080616 0.094329 0.992272 1.577100 0.000000 0.000000 0.000000 1.000000
0.996663 0.020017 0.079139 0.000000 -0.012371 0.995309 -0.095950 9.226300 -0.080689 0.094651 0.992235 1.577100 0.000000 0.000000 0.000000 1.000000
0.996660 0.020107 0.079146 -0.000000 -0.012429 0.995272 -0.096329 9.226300 -0.080709 0.095023 0.992198 1.577100 0.000000 0.000000 0.000000 1.000000
0.996663 0.020153 0.079103 0.000000 -0.012447 0.995233 -0.096726 9.226300 -0.080676 0.095419 0.992163 1.577100 0.000000 0.000000 0.000000 1.000000
0.996666 0.020211 0.079044 -0.000000 -0.012481 0.995197 -0.097089 9.226300 -0.080627 0.095779 0.992132 1.577100 0.000000 0.000000 0.000000 1.000000
0.996666 0.020298 0.079021 -0.000000 -0.012545 0.995167 -0.097391 9.226300 -0.080616 0.096075 0.992104 1.577100 0.000000 0.000000 0.000000 1.000000
0.996661 0.020410 0.079060 -0.000000 -0.012633 0.995140 -0.097652 9.226300 -0.080668 0.096327 0.992075 1.577100 0.000000 0.000000 0.000000 1.000000
0.996651 0.020540 0.079146 0.000000 -0.012733 0.995114 -0.097913 9.226300 -0.080770 0.096577 0.992043 1.577100 0.000000 0.000000 0.000000 1.000000
0.996639 0.020682 0.079260 0.000000 -0.012840 0.995083 -0.098205 9.226300 -0.080902 0.096857 0.992005 1.577100 0.000000 0.000000 0.000000 1.000000
0.996628 0.020816 0.079370 -0.000000 -0.012937 0.995051 -0.098519 9.226300 -0.081028 0.097160 0.991965 1.577100 0.000000 0.000000 0.000000 1.000000
0.996620 0.020930 0.079438 0.000000 -0.013018 0.995018 -0.098845 9.226300 -0.081112 0.097477 0.991927 1.577100 0.000000 0.000000 0.000000 1.000000
0.996616 0.021031 0.079467 0.000000 -0.013089 0.994985 -0.099167 9.226300 -0.081154 0.097791 0.991893 1.577100 0.000000 0.000000 0.000000 1.000000
0.996614 0.021119 0.079469 0.000000 -0.013152 0.994953 -0.099477 9.226300 -0.081169 0.098095 0.991861 1.577100 0.000000 0.000000 0.000000 1.000000
0.996612 0.021198 0.079463 0.000000 -0.013207 0.994923 -0.099770 9.226300 -0.081175 0.098383 0.991832 1.577100 0.000000 0.000000 0.000000 1.000000
0.996611 0.021269 0.079459 0.000000 -0.013256 0.994895 -0.100043 9.226300 -0.081181 0.098651 0.991805 1.577100 0.000000 0.000000 0.000000 1.000000
0.996609 0.021333 0.079467 0.000000 -0.013298 0.994869 -0.100294 9.226300 -0.081199 0.098897 0.991779 1.577100 0.000000 0.000000 0.000000 1.000000
0.996605 0.021379 0.079506 0.000000 -0.013323 0.994846 -0.100514 9.226300 -0.081245 0.099113 0.991754 1.577100 0.000000 0.000000 0.000000 1.000000
0.996601 0.021406 0.079555 0.000000 -0.013329 0.994827 -0.100703 9.226300 -0.081299 0.099300 0.991731 1.577100 0.000000 0.000000 0.000000 1.000000
0.996597 0.021431 0.079591 0.000000 -0.013337 0.994810 -0.100869 9.226300 -0.081340 0.099465 0.991711 1.577100 0.000000 0.000000 0.000000 1.000000
0.996596 0.021473 0.079595 0.000000 -0.013366 0.994795 -0.101021 9.226300 -0.081350 0.099613 0.991695 1.577100 0.000000 0.000000 0.000000 1.000000
0.996596 0.021519 0.079585 0.000000 -0.013402 0.994781 -0.101147 9.226300 -0.081346 0.099736 0.991683 1.577100 0.000000 0.000000 0.000000 1.000000
0.996596 0.021558 0.079575 0.000000 -0.013434 0.994771 -0.101247 9.226300 -0.081341 0.099834 0.991674 1.577100 0.000000 0.000000 0.000000 1.000000
0.996596 0.021581 0.079571 0.000000 -0.013450 0.994761 -0.101339 9.226300 -0.081341 0.099924 0.991665 1.577100 0.000000 0.000000 0.000000 1.000000
0.996595 0.021591 0.079569 -0.000000 -0.013457 0.994757 -0.101377 9.226300 -0.081341 0.099961 0.991661 1.577100 0.000000 0.000000 0.000000 1.000000</float_array><technique_common><accessor source="#Spine-Matrix-animation-output-transform-array" count="60" stride="16"><param type="float4x4"/></accessor></technique_common></source><source id="Spine-Interpolations"><Name_array id="Spine-Interpolations-array" count="60">
 LINEAR LINEAR LINEAR LINEAR LINEAR LINEAR LINEAR LINEAR LINEAR LINEAR LINEAR
LINEAR LINEAR LINEAR LINEAR LINEAR LINEAR LINEAR LINEAR LINEAR LINEAR LINEAR LINEAR
LINEAR LINEAR LINEAR LINEAR LINEAR LINEAR LINEAR LINEAR LINEAR LINEAR LINEAR LINEAR
LINEAR LINEAR LINEAR LINEAR LINEAR LINEAR LINEAR LINEAR LINEAR LINEAR LINEAR LINEAR
LINEAR LINEAR LINEAR LINEAR LINEAR LINEAR LINEAR LINEAR LINEAR LINEAR LINEAR LINEAR
LINEAR</Name_array><technique_common><accessor source="#Spine-Interpolations-array" count="60"><param type="name"/></accessor></technique_common></source><sampler id="Spine-Matrix-animation-transform"><input semantic="INPUT" source="#Spine-Matrix-animation-input"/><input semantic="OUTPUT" source="#Spine-Matrix-animation-output-transform"/><input semantic="INTERPOLATION" source="#Spine-Interpolations"/></sampler><channel source="#Spine-Matrix-animation-transform" target="Spine/matrix"/></animation>
    <animation id="Spine1-anim" name="Spine1"><source id="Spine1-Matrix-animation-input"><float_array id="Spine1-Matrix-animation-input-array" count="60">

0.000000 0.033333 0.066667 0.100000 0.133333 0.166667 0.200000 0.233333 0.266667 0.300000 0.333333 0.366667 0.400000 0.433333 0.466667 0.500000
0.533333 0.566667 0.600000 0.633333 0.666667 0.700000 0.733333 0.766667 0.800000 0.833333 0.866667 0.900000 0.933333 0.966667 1.000000 1.033333
1.066667 1.100000 1.133333 1.166667 1.200000 1.233333 1.266667 1.300000 1.333333 1.366667 1.400000 1.433333 1.466667 1.500000 1.533333 1.566667
1.600000 1.633333 1.666667 1.700000 1.733333 1.766667 1.800000 1.833333 1.866667 1.900000 1.933333 1.966667</float_array><technique_common><accessor source="#Spine1-Matrix-animation-input-array" count="60"><param name="TIME" type="float"/></accessor></technique_common></source><source id="Spine1-Matrix-animation-output-transform"><float_array id="Spine1-Matrix-animation-output-transform-array" count="960">

0.986184 0.053092 0.156915 0.000000 -0.020480 0.979057 -0.202553 16.254000 -0.164383 0.196541 0.966618 -0.165600 0.000000 0.000000 0.000000 1.000000
0.986184 0.053064 0.156923 0.000000 -0.020467 0.979078 -0.202452 16.254000 -0.164382 0.196443 0.966638 -0.165600 0.000000 0.000000 0.000000 1.000000
0.986185 0.052995 0.156941 0.000000 -0.020432 0.979124 -0.202237 16.254000 -0.164382 0.196236 0.966680 -0.165600 0.000000 0.000000 0.000000 1.000000
0.986204 0.052853 0.156871 0.000000 -0.020362 0.979194 -0.201904 16.254000 -0.164278 0.195924 0.966761 -0.165600 0.000000 0.000000 0.000000 1.000000
0.986247 0.052629 0.156673 0.000000 -0.020256 0.979290 -0.201448 16.254000 -0.164030 0.195504 0.966888 -0.165600 0.000000 0.000000 0.000000 1.000000
0.986341 0.052236 0.156217 -0.000000 -0.020054 0.979411 -0.200880 16.254000 -0.163493 0.195003 0.967080 -0.165600 0.000000 0.000000 0.000000 1.000000
0.986435 0.051839 0.155749 -0.000000 -0.019861 0.979546 -0.200238 16.254000 -0.162944 0.194429 0.967288 -0.165600 0.000000 0.000000 0.000000 1.000000
0.986492 0.051509 0.155501 0.000000 -0.019706 0.979698 -0.199506 16.254000 -0.162621 0.193746 0.967480 -0.165600 0.000000 0.000000 0.000000 1.000000
0.986508 0.051242 0.155489 0.000000 -0.019585 0.979872 -0.198663 16.254000 -0.162539 0.192938 0.967655 -0.165600 0.000000 0.000000 0.000000 1.000000
0.986494 0.051018 0.155650 0.000000 -0.019494 0.980071 -0.197690 16.254000 -0.162634 0.191985 0.967828 -0.165600 0.000000 0.000000 0.000000 1.000000
0.986465 0.050809 0.155901 0.000000 -0.019409 0.980278 -0.196668 16.254000 -0.162819 0.190980 0.967996 -0.165600 0.000000 0.000000 0.000000 1.000000
0.986433 0.050591 0.156173 0.000000 -0.019301 0.980472 -0.195707 16.254000 -0.163024 0.190037 0.968147 -0.165600 0.000000 0.000000 0.000000 1.000000
0.986418 0.050325 0.156357 0.000000 -0.019145 0.980647 -0.194845 16.254000 -0.163137 0.189205 0.968291 -0.165600 0.000000 0.000000 0.000000 1.000000
0.986440 0.049980 0.156329 0.000000 -0.018944 0.980811 -0.194037 16.254000 -0.163028 0.188444 0.968458 -0.165600 0.000000 0.000000 0.000000 1.000000
0.986502 0.049557 0.156070 -0.000000 -0.018714 0.980980 -0.193206 16.254000 -0.162676 0.187678 0.968666 -0.165600 0.000000 0.000000 0.000000 1.000000
0.986563 0.049129 0.155817 -0.000000 -0.018489 0.981162 -0.192298 16.254000 -0.162329 0.186834 0.968887 -0.165600 0.000000 0.000000 0.000000 1.000000
0.986587 0.048753 0.155786 -0.000000 -0.018283 0.981355 -0.191332 16.254000 -0.162209 0.185917 0.969084 -0.165600 0.000000 0.000000 0.000000 1.000000
0.986569 0.048478 0.155985 0.000000 -0.018132 0.981545 -0.190371 16.254000 -0.162335 0.184985 0.969241 -0.165600 0.000000 0.000000 0.000000 1.000000
0.986537 0.048268 0.156255 0.000000 -0.018022 0.981720 -0.189475 16.254000 -0.162544 0.184108 0.969373 -0.165600 0.000000 0.000000 0.000000 1.000000
0.986519 0.048061 0.156433 0.000000 -0.017913 0.981872 -0.188699 16.254000 -0.162666 0.183353 0.969495 -0.165600 0.000000 0.000000 0.000000 1.000000
0.986526 0.047835 0.156452 0.000000 -0.017802 0.982008 -0.187996 16.254000 -0.162630 0.182678 0.969629 -0.165600 0.000000 0.000000 0.000000 1.000000
0.986550 0.047624 0.156368 -0.000000 -0.017719 0.982137 -0.187331 16.254000 -0.162497 0.182041 0.969771 -0.165600 0.000000 0.000000 0.000000 1.000000
0.986570 0.047449 0.156293 0.000000 -0.017667 0.982262 -0.186682 16.254000 -0.162378 0.181413 0.969909 -0.165600 0.000000 0.000000 0.000000 1.000000
0.986578 0.047315 0.156287 0.000000 -0.017636 0.982376 -0.186082 16.254000 -0.162338 0.180828 0.970025 -0.165600 0.000000 0.000000 0.000000 1.000000
0.986575 0.047223 0.156333 0.000000 -0.017618 0.982470 -0.185588 16.254000 -0.162356 0.180342 0.970112 -0.165600 0.000000 0.000000 0.000000 1.000000
0.986563 0.047189 0.156417 0.000000 -0.017624 0.982532 -0.185256 16.254000 -0.162427 0.180010 0.970162 -0.165600 0.000000 0.000000 0.000000 1.000000
0.986547 0.047238 0.156503 0.000000 -0.017674 0.982550 -0.185158 16.254000 -0.162518 0.179901 0.970167 -0.165600 0.000000 0.000000 0.000000 1.000000
0.986530 0.047379 0.156566 0.000000 -0.017772 0.982514 -0.185338 16.254000 -0.162610 0.180060 0.970122 -0.165600 0.000000 0.000000 0.000000 1.000000
0.986514 0.047577 0.156612 0.000000 -0.017893 0.982435 -0.185746 16.254000 -0.162698 0.180439 0.970037 -0.165600 0.000000 0.000000 0.000000 1.000000
0.986495 0.047802 0.156659 0.000000 -0.018022 0.982336 -0.186257 16.254000 -0.162795 0.180918 0.969931 -0.165600 0.000000 0.000000 0.000000 1.000000
0.986478 0.048017 0.156699 0.000000 -0.018136 0.982228 -0.186815 16.254000 -0.162884 0.181447 0.969817 -0.165600 0.000000 0.000000 0.000000 1.000000
0.986473 0.048209 0.156676 -0.000000 -0.018218 0.982099 -0.187484 16.254000 -0.162909 0.182094 0.969692 -0.165600 0.000000 0.000000 0.000000 1.000000
0.986482 0.048378 0.156565 0.000000 -0.018268 0.981940 -0.188310 16.254000 -0.162848 0.182904 0.969550 -0.165600 0.000000 0.000000 0.000000 1.000000
0.986498 0.048536 0.156414 0.000000 -0.018310 0.981774 -0.189169 16.254000 -0.162745 0.183751 0.969407 -0.165600 0.000000 0.000000 0.000000 1.000000
0.986506 0.048712 0.156312 -0.000000 -0.018373 0.981622 -0.189950 16.254000 -0.162692 0.184515 0.969271 -0.165600 0.000000 0.000000 0.000000 1.000000
0.986493 0.048927 0.156327 0.000000 -0.018472 0.981490 -0.190621 16.254000 -0.162760 0.185159 0.969136 -0.165600 0.000000 0.000000 0.000000 1.000000
0.986464 0.049179 0.156432 0.000000 -0.018596 0.981365 -0.191253 16.254000 -0.162922 0.185755 0.968995 -0.165600 0.000000 0.000000 0.000000 1.000000
0.986437 0.049434 0.156520 -0.000000 -0.018723 0.981234 -0.191911 16.254000 -0.163069 0.186378 0.968851 -0.165600 0.000000 0.000000 0.000000 1.000000
0.986429 0.049634 0.156508 0.000000 -0.018798 0.981086 -0.192660 16.254000 -0.163110 0.187103 0.968704 -0.165600 0.000000 0.000000 0.000000 1.000000
0.986439 0.049748 0.156405 0.000000 -0.018798 0.980931 -0.193443 16.254000 -0.163046 0.187879 0.968565 -0.165600 0.000000 0.000000 0.000000 1.000000
0.986454 0.049882 0.156270 -0.000000 -0.018837 0.980789 -0.194159 16.254000 -0.162953 0.188586 0.968443 -0.165600 0.000000 0.000000 0.000000 1.000000
0.986455 0.050069 0.156206 -0.000000 -0.018935 0.980669 -0.194758 16.254000 -0.162938 0.189162 0.968333 -0.165600 0.000000 0.000000 0.000000 1.000000
0.986434 0.050307 0.156260 0.000000 -0.019074 0.980563 -0.195276 16.254000 -0.163047 0.189646 0.968220 -0.165600 0.000000 0.000000 0.000000 1.000000
0.986397 0.050582 0.156407 0.000000 -0.019231 0.980456 -0.195798 16.254000 -0.163254 0.190126 0.968091 -0.165600 0.000000 0.000000 0.000000 1.000000
0.986350 0.050887 0.156604 0.000000 -0.019398 0.980336 -0.196380 16.254000 -0.163518 0.190662 0.967941 -0.165600 0.000000 0.000000 0.000000 1.000000
0.986305 0.051178 0.156792 0.000000 -0.019544 0.980208 -0.197005 16.254000 -0.163772 0.191243 0.967784 -0.165600 0.000000 0.000000 0.000000 1.000000
0.986274 0.051431 0.156903 0.000000 -0.019664 0.980075 -0.197653 16.254000 -0.163942 0.191855 0.967634 -0.165600 0.000000 0.000000 0.000000 1.000000
0.986257 0.051655 0.156936 0.000000 -0.019771 0.979944 -0.198291 16.254000 -0.164031 0.192463 0.967498 -0.165600 0.000000 0.000000 0.000000 1.000000
0.986249 0.051851 0.156920 0.000000 -0.019865 0.979817 -0.198906 16.254000 -0.164066 0.193054 0.967374 -0.165600 0.000000 0.000000 0.000000 1.000000
0.986245 0.052024 0.156889 -0.000000 -0.019945 0.979698 -0.199487 16.254000 -0.164082 0.193613 0.967260 -0.165600 0.000000 0.000000 0.000000 1.000000
0.986241 0.052178 0.156863 0.000000 -0.020012 0.979586 -0.200026 16.254000 -0.164098 0.194135 0.967152 -0.165600 0.000000 0.000000 0.000000 1.000000
0.986234 0.052314 0.156863 0.000000 -0.020063 0.979484 -0.200521 16.254000 -0.164135 0.194613 0.967050 -0.165600 0.000000 0.000000 0.000000 1.000000
0.986218 0.052421 0.156924 0.000000 -0.020083 0.979395 -0.200955 16.254000 -0.164225 0.195034 0.966950 -0.165600 0.000000 0.000000 0.000000 1.000000
0.986201 0.052491 0.157009 0.000000 -0.020072 0.979318 -0.201327 16.254000 -0.164330 0.195397 0.966859 -0.165600 0.000000 0.000000 0.000000 1.000000
0.986188 0.052553 0.157069 0.000000 -0.020066 0.979251 -0.201655 16.254000 -0.164408 0.195718 0.966781 -0.165600 0.000000 0.000000 0.000000 1.000000
0.986184 0.052649 0.157067 -0.000000 -0.020110 0.979188 -0.201955 16.254000 -0.164431 0.196006 0.966718 -0.165600 0.000000 0.000000 0.000000 1.000000
0.986183 0.052746 0.157036 0.000000 -0.020170 0.979135 -0.202206 16.254000 -0.164425 0.196245 0.966671 -0.165600 0.000000 0.000000 0.000000 1.000000
0.986183 0.052829 0.157009 0.000000 -0.020224 0.979093 -0.202405 16.254000 -0.164419 0.196433 0.966633 -0.165600 0.000000 0.000000 0.000000 1.000000
0.986183 0.052881 0.156995 0.000000 -0.020248 0.979055 -0.202586 16.254000 -0.164420 0.196608 0.966598 -0.165600 0.000000 0.000000 0.000000 1.000000
0.986182 0.052902 0.156989 -0.000000 -0.020257 0.979039 -0.202661 16.254000 -0.164420 0.196681 0.966583 -0.165600 0.000000 0.000000 0.000000 1.000000</float_array><technique_common><accessor source="#Spine1-Matrix-animation-output-transform-array" count="60" stride="16"><param type="float4x4"/></accessor></technique_common></source><source id="Spine1-Interpolations"><Name_array id="Spine1-Interpolations-array" count="60">
 LINEAR LINEAR LINEAR LINEAR LINEAR LINEAR LINEAR LINEAR LINEAR LINEAR LINEAR
LINEAR LINEAR LINEAR LINEAR LINEAR LINEAR LINEAR LINEAR LINEAR LINEAR LINEAR LINEAR
LINEAR LINEAR LINEAR LINEAR LINEAR LINEAR LINEAR LINEAR LINEAR LINEAR LINEAR LINEAR
LINEAR LINEAR LINEAR LINEAR LINEAR LINEAR LINEAR LINEAR LINEAR LINEAR LINEAR LINEAR
LINEAR LINEAR LINEAR LINEAR LINEAR LINEAR LINEAR LINEAR LINEAR LINEAR LINEAR LINEAR
LINEAR</Name_array><technique_common><accessor source="#Spine1-Interpolations-array" count="60"><param type="name"/></accessor></technique_common></source><sampler id="Spine1-Matrix-animation-transform"><input semantic="INPUT" source="#Spine1-Matrix-animation-input"/><input semantic="OUTPUT" source="#Spine1-Matrix-animation-output-transform"/><input semantic="INTERPOLATION" source="#Spine1-Interpolations"/></sampler><channel source="#Spine1-Matrix-animation-transform" target="Spine1/matrix"/></animation>
    <animation id="Spine2-anim" name="Spine2"><source id="Spine2-Matrix-animation-input"><float_array id="Spine2-Matrix-animation-input-array" count="60">

0.000000 0.033333 0.066667 0.100000 0.133333 0.166667 0.200000 0.233333 0.266667 0.300000 0.333333 0.366667 0.400000 0.433333 0.466667 0.500000
0.533333 0.566667 0.600000 0.633333 0.666667 0.700000 0.733333 0.766667 0.800000 0.833333 0.866667 0.900000 0.933333 0.966667 1.000000 1.033333
1.066667 1.100000 1.133333 1.166667 1.200000 1.233333 1.266667 1.300000 1.333333 1.366667 1.400000 1.433333 1.466667 1.500000 1.533333 1.566667
1.600000 1.633333 1.666667 1.700000 1.733333 1.766667 1.800000 1.833333 1.866667 1.900000 1.933333 1.966667</float_array><technique_common><accessor source="#Spine2-Matrix-animation-input-array" count="60"><param name="TIME" type="float"/></accessor></technique_common></source><source id="Spine2-Matrix-animation-output-transform"><float_array id="Spine2-Matrix-animation-output-transform-array" count="960">

0.986184 0.053092 0.156915 -0.000000 -0.020480 0.979057 -0.202553 13.639600 -0.164382 0.196541 0.966618 -1.292300 0.000000 0.000000 0.000000 1.000000
0.986184 0.053064 0.156923 -0.000000 -0.020467 0.979078 -0.202452 13.639600 -0.164382 0.196443 0.966638 -1.292300 0.000000 0.000000 0.000000 1.000000
0.986185 0.052995 0.156941 0.000000 -0.020432 0.979124 -0.202237 13.639600 -0.164382 0.196236 0.966680 -1.292300 0.000000 0.000000 0.000000 1.000000
0.986204 0.052853 0.156870 0.000000 -0.020362 0.979194 -0.201904 13.639600 -0.164278 0.195924 0.966761 -1.292300 0.000000 0.000000 0.000000 1.000000
0.986247 0.052629 0.156673 0.000000 -0.020256 0.979290 -0.201448 13.639600 -0.164030 0.195504 0.966888 -1.292300 0.000000 0.000000 0.000000 1.000000
0.986341 0.052236 0.156217 0.000000 -0.020054 0.979411 -0.200880 13.639600 -0.163493 0.195003 0.967080 -1.292300 0.000000 0.000000 0.000000 1.000000
0.986435 0.051839 0.155749 0.000000 -0.019861 0.979546 -0.200238 13.639600 -0.162944 0.194429 0.967288 -1.292300 0.000000 0.000000 0.000000 1.000000
0.986492 0.051509 0.155501 0.000000 -0.019706 0.979699 -0.199506 13.639600 -0.162621 0.193746 0.967480 -1.292300 0.000000 0.000000 0.000000 1.000000
0.986508 0.051242 0.155489 -0.000000 -0.019585 0.979872 -0.198663 13.639600 -0.162539 0.192938 0.967655 -1.292300 0.000000 0.000000 0.000000 1.000000
0.986494 0.051018 0.155651 -0.000000 -0.019494 0.980071 -0.197690 13.639600 -0.162634 0.191985 0.967828 -1.292300 0.000000 0.000000 0.000000 1.000000
0.986465 0.050809 0.155901 0.000000 -0.019409 0.980278 -0.196668 13.639600 -0.162819 0.190980 0.967996 -1.292300 0.000000 0.000000 0.000000 1.000000
0.986433 0.050591 0.156173 0.000000 -0.019301 0.980472 -0.195707 13.639600 -0.163024 0.190038 0.968147 -1.292300 0.000000 0.000000 0.000000 1.000000
0.986418 0.050324 0.156357 0.000000 -0.019145 0.980647 -0.194845 13.639600 -0.163137 0.189205 0.968291 -1.292300 0.000000 0.000000 0.000000 1.000000
0.986440 0.049980 0.156330 0.000000 -0.018944 0.980811 -0.194037 13.639600 -0.163028 0.188444 0.968458 -1.292300 0.000000 0.000000 0.000000 1.000000
0.986502 0.049557 0.156070 0.000000 -0.018714 0.980980 -0.193206 13.639600 -0.162676 0.187678 0.968666 -1.292300 0.000000 0.000000 0.000000 1.000000
0.986563 0.049129 0.155817 -0.000000 -0.018489 0.981162 -0.192298 13.639600 -0.162330 0.186834 0.968887 -1.292300 0.000000 0.000000 0.000000 1.000000
0.986587 0.048753 0.155786 -0.000000 -0.018283 0.981355 -0.191332 13.639600 -0.162209 0.185917 0.969084 -1.292300 0.000000 0.000000 0.000000 1.000000
0.986569 0.048478 0.155985 0.000000 -0.018132 0.981545 -0.190371 13.639600 -0.162335 0.184985 0.969241 -1.292300 0.000000 0.000000 0.000000 1.000000
0.986537 0.048268 0.156255 0.000000 -0.018022 0.981720 -0.189475 13.639600 -0.162545 0.184108 0.969373 -1.292300 0.000000 0.000000 0.000000 1.000000
0.986519 0.048061 0.156433 0.000000 -0.017913 0.981872 -0.188699 13.639600 -0.162666 0.183352 0.969495 -1.292300 0.000000 0.000000 0.000000 1.000000
0.986527 0.047835 0.156452 0.000000 -0.017802 0.982008 -0.187996 13.639600 -0.162630 0.182678 0.969629 -1.292300 0.000000 0.000000 0.000000 1.000000
0.986550 0.047624 0.156368 -0.000000 -0.017719 0.982137 -0.187331 13.639600 -0.162497 0.182041 0.969771 -1.292300 0.000000 0.000000 0.000000 1.000000
0.986570 0.047449 0.156293 -0.000000 -0.017667 0.982262 -0.186682 13.639600 -0.162378 0.181413 0.969909 -1.292300 0.000000 0.000000 0.000000 1.000000
0.986578 0.047315 0.156287 0.000000 -0.017636 0.982376 -0.186082 13.639600 -0.162337 0.180828 0.970025 -1.292300 0.000000 0.000000 0.000000 1.000000
0.986575 0.047223 0.156333 0.000000 -0.017618 0.982470 -0.185587 13.639600 -0.162356 0.180342 0.970112 -1.292300 0.000000 0.000000 0.000000 1.000000
0.986563 0.047189 0.156417 0.000000 -0.017624 0.982532 -0.185256 13.639600 -0.162427 0.180010 0.970162 -1.292300 0.000000 0.000000 0.000000 1.000000
0.986547 0.047238 0.156502 -0.000000 -0.017674 0.982550 -0.185158 13.639600 -0.162518 0.179901 0.970167 -1.292300 0.000000 0.000000 0.000000 1.000000
0.986530 0.047379 0.156566 0.000000 -0.017772 0.982514 -0.185339 13.639600 -0.162609 0.180060 0.970122 -1.292300 0.000000 0.000000 0.000000 1.000000
0.986514 0.047577 0.156612 0.000000 -0.017893 0.982435 -0.185746 13.639600 -0.162698 0.180439 0.970037 -1.292300 0.000000 0.000000 0.000000 1.000000
0.986495 0.047802 0.156659 0.000000 -0.018022 0.982336 -0.186257 13.639600 -0.162795 0.180918 0.969931 -1.292300 0.000000 0.000000 0.000000 1.000000
0.986478 0.048017 0.156699 0.000000 -0.018136 0.982228 -0.186815 13.639600 -0.162884 0.181447 0.969817 -1.292300 0.000000 0.000000 0.000000 1.000000
0.986473 0.048209 0.156676 0.000000 -0.018218 0.982099 -0.187484 13.639600 -0.162910 0.182094 0.969692 -1.292300 0.000000 0.000000 0.000000 1.000000
0.986482 0.048378 0.156565 0.000000 -0.018268 0.981940 -0.188310 13.639600 -0.162848 0.182904 0.969550 -1.292300 0.000000 0.000000 0.000000 1.000000
0.986498 0.048536 0.156414 0.000000 -0.018310 0.981774 -0.189169 13.639600 -0.162744 0.183751 0.969407 -1.292300 0.000000 0.000000 0.000000 1.000000
0.986506 0.048712 0.156312 0.000000 -0.018373 0.981622 -0.189950 13.639600 -0.162692 0.184515 0.969271 -1.292300 0.000000 0.000000 0.000000 1.000000
