<?xml version="1.0" encoding="utf-8"?>
<COLLADA xmlns="http://www.collada.org/2005/11/COLLADASchema" version="1.4.1">
  <asset><contributor><author>Mixamo</author><authoring_tool>COLLADA Mixamo exporter</authoring_tool><comments></comments></contributor><created>2018-12-17T23:43:47Z</created><modified>2018-12-17T23:43:47Z</modified><revision></revision><title></title><unit meter="0.010000"/><up_axis>Y_UP</up_axis></asset>
  <library_animations>
    <animation id="Hips-anim" name="Hips"><source id="Hips-Matrix-animation-input"><float_array id="Hips-Matrix-animation-input-array" count="32">

0.000000 0.033333 0.066667 0.100000 0.133333 0.166667 0.200000 0.233333 0.266667 0.300000 0.333333 0.366667 0.400000 0.433333 0.466667 0.500000
0.533333 0.566667 0.600000 0.633333 0.666667 0.700000 0.733333 0.766667 0.800000 0.833333 0.866667 0.900000 0.933333 0.966667 1.000000 1.033333</float_array><technique_common><accessor source="#Hips-Matrix-animation-input-array" count="32"><param name="TIME" type="float"/></accessor></technique_common></source><source id="Hips-Matrix-animation-output-transform"><float_array id="Hips-Matrix-animation-output-transform-array" count="512">

0.886886 0.045535 -0.459738 0.016277 0.054962 0.977664 0.202862 86.008286 0.458707 -0.205184 0.864574 -0.123189 0.000000 0.000000 0.000000 1.000000
0.887057 0.045699 -0.459392 0.009823 0.054689 0.977680 0.202857 86.010246 0.458409 -0.205070 0.864759 -0.117803 0.000000 0.000000 0.000000 1.000000
0.887291 0.045728 -0.458938 0.003947 0.054567 0.977676 0.202911 86.010925 0.457971 -0.205084 0.864987 -0.116307 0.000000 0.000000 0.000000 1.000000
0.887482 0.045675 -0.458573 0.001146 0.054520 0.977682 0.202892 86.011353 0.457605 -0.205065 0.865185 -0.121595 0.000000 0.000000 0.000000 1.000000
0.887543 0.045500 -0.458472 0.002546 0.054496 0.977758 0.202533 86.015411 0.457490 -0.204742 0.865323 -0.135728 0.000000 0.000000 0.000000 1.000000
0.887448 0.044901 -0.458716 0.006262 0.054858 0.977879 0.201848 86.028740 0.457632 -0.204294 0.865354 -0.152534 0.000000 0.000000 0.000000 1.000000
0.887166 0.043546 -0.459392 0.010133 0.056468 0.977811 0.201737 86.053375 0.457983 -0.204915 0.865021 -0.151405 0.000000 0.000000 0.000000 1.000000
0.886351 0.041818 -0.461122 0.014744 0.059927 0.977175 0.203807 86.078056 0.459119 -0.208278 0.863614 -0.097786 0.000000 0.000000 0.000000 1.000000
0.884256 0.041156 -0.465185 0.018256 0.064470 0.975814 0.208880 86.079353 0.462530 -0.214694 0.860216 0.045937 0.000000 0.000000 0.000000 1.000000
0.880704 0.042495 -0.471757 0.010775 0.068530 0.974057 0.215677 86.041351 0.468683 -0.222278 0.854944 0.299722 0.000000 0.000000 0.000000 1.000000
0.877204 0.044266 -0.478073 -0.017497 0.071993 0.972355 0.222132 85.967239 0.474690 -0.229273 0.849767 0.634368 0.000000 0.000000 0.000000 1.000000
0.875793 0.044229 -0.480656 -0.065934 0.076231 0.970622 0.228214 85.860870 0.476629 -0.236509 0.846692 0.952822 0.000000 0.000000 0.000000 1.000000
0.876642 0.042883 -0.479229 -0.118448 0.081445 0.968421 0.235642 85.711128 0.474200 -0.245604 0.845466 1.130715 0.000000 0.000000 0.000000 1.000000
0.878442 0.042165 -0.475985 -0.148295 0.086191 0.965781 0.244620 85.513428 0.470011 -0.255910 0.844748 1.099832 0.000000 0.000000 0.000000 1.000000
0.880379 0.042018 -0.472406 -0.141839 0.089621 0.963384 0.252706 85.301468 0.465726 -0.264814 0.844377 0.890617 0.000000 0.000000 0.000000 1.000000
0.882020 0.041524 -0.469379 -0.110361 0.091434 0.962095 0.256928 85.136833 0.462256 -0.269533 0.844790 0.594808 0.000000 0.000000 0.000000 1.000000
0.882825 0.041340 -0.467879 -0.069150 0.091054 0.962161 0.256819 85.057274 0.460791 -0.269328 0.845656 0.295639 0.000000 0.000000 0.000000 1.000000
0.882885 0.042446 -0.467666 -0.016384 0.088582 0.962973 0.254630 85.056786 0.461158 -0.266236 0.846435 0.032866 0.000000 0.000000 0.000000 1.000000
0.882784 0.044487 -0.467668 0.058971 0.084997 0.963951 0.252138 85.111542 0.462026 -0.262334 0.847179 -0.186049 0.000000 0.000000 0.000000 1.000000
0.882525 0.046603 -0.467951 0.158084 0.080883 0.965207 0.248664 85.200256 0.463258 -0.257301 0.848050 -0.358395 0.000000 0.000000 0.000000 1.000000
0.881611 0.048425 -0.469486 0.271126 0.076354 0.966987 0.243118 85.303352 0.465760 -0.250183 0.848809 -0.477615 0.000000 0.000000 0.000000 1.000000
0.880088 0.049876 -0.472183 0.388896 0.071818 0.969042 0.236219 85.401077 0.469347 -0.241805 0.849261 -0.542614 0.000000 0.000000 0.000000 1.000000
0.878744 0.050864 -0.474575 0.505510 0.067955 0.970843 0.229881 85.480476 0.472430 -0.234256 0.849667 -0.560836 0.000000 0.000000 0.000000 1.000000
0.878257 0.051181 -0.475441 0.613056 0.065321 0.972095 0.225310 85.538284 0.473706 -0.228936 0.850406 -0.546855 0.000000 0.000000 0.000000 1.000000
0.878640 0.050788 -0.474776 0.698204 0.063794 0.972926 0.222137 85.580498 0.473203 -0.225466 0.851612 -0.517851 0.000000 0.000000 0.000000 1.000000
0.879531 0.049913 -0.473216 0.747273 0.062732 0.973641 0.219291 85.619057 0.471688 -0.222559 0.853216 -0.482914 0.000000 0.000000 0.000000 1.000000
0.880646 0.048880 -0.471247 0.755931 0.061685 0.974367 0.216340 85.663261 0.469742 -0.219588 0.855057 -0.441902 0.000000 0.000000 0.000000 1.000000
0.881875 0.048035 -0.469030 0.731190 0.060490 0.975048 0.213592 85.714348 0.467587 -0.216733 0.856965 -0.396072 0.000000 0.000000 0.000000 1.000000
0.883046 0.047613 -0.466866 0.681529 0.059074 0.975648 0.211235 85.769539 0.465554 -0.214110 0.858729 -0.351871 0.000000 0.000000 0.000000 1.000000
0.883876 0.047499 -0.465302 0.610770 0.057587 0.976209 0.209043 85.825386 0.464162 -0.211564 0.860113 -0.313467 0.000000 0.000000 0.000000 1.000000
0.884338 0.047275 -0.464447 0.524218 0.056472 0.976722 0.206944 85.877861 0.463419 -0.209236 0.861082 -0.277870 0.000000 0.000000 0.000000 1.000000
0.884707 0.046777 -0.463795 0.428951 0.055933 0.977111 0.205244 85.923386 0.462780 -0.207522 0.861841 -0.242366 0.000000 0.000000 0.000000 1.000000</float_array><technique_common><accessor source="#Hips-Matrix-animation-output-transform-array" count="32" stride="16"><param type="float4x4"/></accessor></technique_common></source><source id="Hips-Interpolations"><Name_array id="Hips-Interpolations-array" count="32">
 LINEAR LINEAR LINEAR LINEAR LINEAR LINEAR LINEAR LINEAR LINEAR LINEAR LINEAR
LINEAR LINEAR LINEAR LINEAR LINEAR LINEAR LINEAR LINEAR LINEAR LINEAR LINEAR LINEAR
LINEAR LINEAR LINEAR LINEAR LINEAR LINEAR LINEAR LINEAR LINEAR</Name_array><technique_common><accessor source="#Hips-Interpolations-array" count="32"><param type="name"/></accessor></technique_common></source><sampler id="Hips-Matrix-animation-transform"><input semantic="INPUT" source="#Hips-Matrix-animation-input"/><input semantic="OUTPUT" source="#Hips-Matrix-animation-output-transform"/><input semantic="INTERPOLATION" source="#Hips-Interpolations"/></sampler><channel source="#Hips-Matrix-animation-transform" target="Hips/matrix"/></animation>
    <animation id="Spine-anim" name="Spine"><source id="Spine-Matrix-animation-input"><float_array id="Spine-Matrix-animation-input-array" count="32">

0.000000 0.033333 0.066667 0.100000 0.133333 0.166667 0.200000 0.233333 0.266667 0.300000 0.333333 0.366667 0.400000 0.433333 0.466667 0.500000
0.533333 0.566667 0.600000 0.633333 0.666667 0.700000 0.733333 0.766667 0.800000 0.833333 0.866667 0.900000 0.933333 0.966667 1.000000 1.033333</float_array><technique_common><accessor source="#Spine-Matrix-animation-input-array" count="32"><param name="TIME" type="float"/></accessor></technique_common></source><source id="Spine-Matrix-animation-output-transform"><float_array id="Spine-Matrix-animation-output-transform-array" count="512">

0.999231 0.021911 0.032517 0.000000 -0.016177 0.985797 -0.167159 9.226300 -0.035718 0.166505 0.985394 1.577100 0.000000 0.000000 0.000000 1.000000
0.999230 0.021924 0.032530 0.000000 -0.016189 0.985805 -0.167111 9.226300 -0.035732 0.166455 0.985401 1.577100 0.000000 0.000000 0.000000 1.000000
0.999231 0.021924 0.032498 0.000000 -0.016196 0.985808 -0.167095 9.226300 -0.035700 0.166440 0.985405 1.577100 0.000000 0.000000 0.000000 1.000000
0.999234 0.021934 0.032417 -0.000000 -0.016218 0.985807 -0.167098 9.226300 -0.035622 0.166444 0.985407 1.577100 0.000000 0.000000 0.000000 1.000000
0.999234 0.021950 0.032389 0.000000 -0.016239 0.985812 -0.167067 9.226300 -0.035597 0.166413 0.985413 1.577100 0.000000 0.000000 0.000000 1.000000
0.999228 0.021960 0.032583 0.000000 -0.016221 0.985831 -0.166958 9.226300 -0.035788 0.166301 0.985425 1.577100 0.000000 0.000000 0.000000 1.000000
0.999215 0.021993 0.032940 -0.000000 -0.016200 0.985857 -0.166804 9.226300 -0.036143 0.166140 0.985440 1.577100 0.000000 0.000000 0.000000 1.000000
0.999212 0.022113 0.032961 -0.000000 -0.016322 0.985886 -0.166620 9.226300 -0.036180 0.165951 0.985470 1.577100 0.000000 0.000000 0.000000 1.000000
0.999234 0.022228 0.032221 -0.000000 -0.016579 0.985975 -0.166066 9.226300 -0.035460 0.165404 0.985588 1.577100 0.000000 0.000000 0.000000 1.000000
0.999280 0.021811 0.031041 0.000000 -0.016421 0.986260 -0.164382 9.226300 -0.034200 0.163754 0.985908 1.577100 0.000000 0.000000 0.000000 1.000000
0.999350 0.020182 0.029858 -0.000000 -0.015110 0.986794 -0.161272 9.226300 -0.032719 0.160716 0.986458 1.577100 0.000000 0.000000 0.000000 1.000000
0.999443 0.017481 0.028429 0.000000 -0.012780 0.987383 -0.157833 9.226300 -0.030829 0.157382 0.987057 1.577100 0.000000 0.000000 0.000000 1.000000
0.999534 0.014920 0.026623 -0.000000 -0.010594 0.987731 -0.155804 9.226300 -0.028621 0.155450 0.987429 1.577100 0.000000 0.000000 0.000000 1.000000
0.999591 0.013651 0.025111 0.000000 -0.009573 0.987727 -0.155899 9.226300 -0.026931 0.155595 0.987454 1.577100 0.000000 0.000000 0.000000 1.000000
0.999604 0.013834 0.024511 0.000000 -0.009806 0.987477 -0.157456 9.226300 -0.026382 0.157154 0.987222 1.577100 0.000000 0.000000 0.000000 1.000000
0.999587 0.014850 0.024614 0.000000 -0.010743 0.987171 -0.159305 9.226300 -0.026664 0.158974 0.986923 1.577100 0.000000 0.000000 0.000000 1.000000
0.999559 0.016146 0.024935 0.000000 -0.011932 0.986927 -0.160726 9.226300 -0.027204 0.160358 0.986684 1.577100 0.000000 0.000000 0.000000 1.000000
0.999527 0.017534 0.025273 0.000000 -0.013218 0.986732 -0.161816 9.226300 -0.027775 0.161405 0.986497 1.577100 0.000000 0.000000 0.000000 1.000000
0.999493 0.018948 0.025599 0.000000 -0.014529 0.986532 -0.162924 9.226300 -0.028342 0.162470 0.986306 1.577100 0.000000 0.000000 0.000000 1.000000
0.999460 0.020183 0.025932 -0.000000 -0.015663 0.986339 -0.163984 9.226300 -0.028888 0.163490 0.986122 1.577100 0.000000 0.000000 0.000000 1.000000
0.999432 0.020987 0.026376 0.000000 -0.016363 0.986208 -0.164698 9.226300 -0.029469 0.164173 0.985991 1.577100 0.000000 0.000000 0.000000 1.000000
0.999406 0.021325 0.027058 -0.000000 -0.016573 0.986147 -0.165046 9.226300 -0.030203 0.164500 0.985915 1.577100 0.000000 0.000000 0.000000 1.000000
0.999381 0.021356 0.027970 0.000000 -0.016446 0.986107 -0.165293 9.226300 -0.031111 0.164731 0.985848 1.577100 0.000000 0.000000 0.000000 1.000000
0.999354 0.021274 0.028968 0.000000 -0.016190 0.986054 -0.165639 9.226300 -0.032088 0.165063 0.985761 1.577100 0.000000 0.000000 0.000000 1.000000
0.999329 0.021171 0.029878 0.000000 -0.015925 0.985991 -0.166039 9.226300 -0.032975 0.165451 0.985667 1.577100 0.000000 0.000000 0.000000 1.000000
0.999310 0.021070 0.030580 0.000000 -0.015697 0.985942 -0.166350 9.226300 -0.033655 0.165756 0.985592 1.577100 0.000000 0.000000 0.000000 1.000000
0.999297 0.021029 0.031029 0.000000 -0.015576 0.985910 -0.166548 9.226300 -0.034094 0.165948 0.985545 1.577100 0.000000 0.000000 0.000000 1.000000
0.999289 0.021096 0.031253 0.000000 -0.015599 0.985882 -0.166715 9.226300 -0.034329 0.166108 0.985510 1.577100 0.000000 0.000000 0.000000 1.000000
0.999282 0.021213 0.031388 0.000000 -0.015686 0.985853 -0.166874 9.226300 -0.034484 0.166262 0.985478 1.577100 0.000000 0.000000 0.000000 1.000000
0.999273 0.021304 0.031607 0.000000 -0.015736 0.985839 -0.166952 9.226300 -0.034716 0.166334 0.985458 1.577100 0.000000 0.000000 0.000000 1.000000
0.999261 0.021389 0.031939 0.000000 -0.015766 0.985844 -0.166921 9.226300 -0.035057 0.166294 0.985453 1.577100 0.000000 0.000000 0.000000 1.000000
0.999248 0.021505 0.032254 0.000000 -0.015830 0.985851 -0.166876 9.226300 -0.035387 0.166240 0.985450 1.577100 0.000000 0.000000 0.000000 1.000000</float_array><technique_common><accessor source="#Spine-Matrix-animation-output-transform-array" count="32" stride="16"><param type="float4x4"/></accessor></technique_common></source><source id="Spine-Interpolations"><Name_array id="Spine-Interpolations-array" count="32">
 LINEAR LINEAR LINEAR LINEAR LINEAR LINEAR LINEAR LINEAR LINEAR LINEAR LINEAR
LINEAR LINEAR LINEAR LINEAR LINEAR LINEAR LINEAR LINEAR LINEAR LINEAR LINEAR LINEAR
LINEAR LINEAR LINEAR LINEAR LINEAR LINEAR LINEAR LINEAR LINEAR</Name_array><technique_common><accessor source="#Spine-Interpolations-array" count="32"><param type="name"/></accessor></technique_common></source><sampler id="Spine-Matrix-animation-transform"><input semantic="INPUT" source="#Spine-Matrix-animation-input"/><input semantic="OUTPUT" source="#Spine-Matrix-animation-output-transform"/><input semantic="INTERPOLATION" source="#Spine-Interpolations"/></sampler><channel source="#Spine-Matrix-animation-transform" target="Spine/matrix"/></animation>
    <animation id="Spine1-anim" name="Spine1"><source id="Spine1-Matrix-animation-input"><float_array id="Spine1-Matrix-animation-input-array" count="32">

0.000000 0.033333 0.066667 0.100000 0.133333 0.166667 0.200000 0.233333 0.266667 0.300000 0.333333 0.366667 0.400000 0.433333 0.466667 0.500000
0.533333 0.566667 0.600000 0.633333 0.666667 0.700000 0.733333 0.766667 0.800000 0.833333 0.866667 0.900000 0.933333 0.966667 1.000000 1.033333</float_array><technique_common><accessor source="#Spine1-Matrix-animation-input-array" count="32"><param name="TIME" type="float"/></accessor></technique_common></source><source id="Spine1-Matrix-animation-output-transform"><float_array id="Spine1-Matrix-animation-output-transform-array" count="512">

0.996838 0.051612 0.060418 0.000000 -0.028839 0.943487 -0.330153 16.254000 -0.074044 0.327367 0.941992 -0.165600 0.000000 0.000000 0.000000 1.000000
0.996834 0.051657 0.060442 0.000000 -0.028881 0.943517 -0.330062 16.254000 -0.074078 0.327271 0.942022 -0.165600 0.000000 0.000000 0.000000 1.000000
0.996838 0.051660 0.060379 0.000000 -0.028907 0.943527 -0.330031 16.254000 -0.074018 0.327242 0.942037 -0.165600 0.000000 0.000000 0.000000 1.000000
0.996847 0.051671 0.060215 0.000000 -0.028971 0.943523 -0.330037 16.254000 -0.073867 0.327251 0.942046 -0.165600 0.000000 0.000000 0.000000 1.000000
0.996849 0.051703 0.060155 0.000000 -0.029026 0.943542 -0.329979 16.254000 -0.073820 0.327193 0.942070 -0.165600 0.000000 0.000000 0.000000 1.000000
0.996824 0.051731 0.060541 0.000000 -0.028942 0.943617 -0.329772 16.254000 -0.074187 0.326972 0.942117 -0.165600 0.000000 0.000000 0.000000 1.000000
0.996780 0.051741 0.061265 0.000000 -0.028736 0.943726 -0.329476 16.254000 -0.074865 0.326655 0.942174 -0.165600 0.000000 0.000000 0.000000 1.000000
0.996775 0.051739 0.061335 0.000000 -0.028740 0.943852 -0.329117 16.254000 -0.074919 0.326293 0.942295 -0.165600 0.000000 0.000000 0.000000 1.000000
0.996873 0.051516 0.059924 -0.000000 -0.029076 0.944217 -0.328037 16.254000 -0.073480 0.325269 0.942762 -0.165600 0.000000 0.000000 0.000000 1.000000
0.997070 0.050152 0.057757 0.000000 -0.028738 0.945354 -0.324777 16.254000 -0.070889 0.322165 0.944026 -0.165600 0.000000 0.000000 0.000000 1.000000
0.997364 0.046364 0.055814 -0.000000 -0.026207 0.947479 -0.318744 16.254000 -0.067661 0.316441 0.946196 -0.165600 0.000000 0.000000 0.000000 1.000000
0.997750 0.040342 0.053548 -0.000000 -0.021658 0.949822 -0.312041 16.254000 -0.063449 0.310179 0.948558 -0.165600 0.000000 0.000000 0.000000 1.000000
0.998129 0.034552 0.050453 0.000000 -0.017356 0.951212 -0.308050 16.254000 -0.058635 0.306598 0.950032 -0.165600 0.000000 0.000000 0.000000 1.000000
0.998366 0.031502 0.047667 -0.000000 -0.015299 0.951203 -0.308187 16.254000 -0.055049 0.306954 0.950131 -0.165600 0.000000 0.000000 0.000000 1.000000
0.998424 0.031558 0.046405 0.000000 -0.015571 0.950224 -0.311177 16.254000 -0.053915 0.309965 0.949218 -0.165600 0.000000 0.000000 0.000000 1.000000
0.998361 0.033505 0.046391 0.000000 -0.017223 0.949018 -0.314750 16.254000 -0.054572 0.313436 0.948040 -0.165600 0.000000 0.000000 0.000000 1.000000
0.998249 0.036217 0.046769 -0.000000 -0.019520 0.948052 -0.317515 16.254000 -0.055839 0.316046 0.947099 -0.165600 0.000000 0.000000 0.000000 1.000000
0.998114 0.039290 0.047168 0.000000 -0.022183 0.947276 -0.319649 16.254000 -0.057241 0.317999 0.946361 -0.165600 0.000000 0.000000 0.000000 1.000000
0.997964 0.042518 0.047537 0.000000 -0.024994 0.946470 -0.321822 16.254000 -0.058675 0.319978 0.945606 -0.165600 0.000000 0.000000 0.000000 1.000000
0.997819 0.045389 0.047938 0.000000 -0.027457 0.945694 -0.323898 16.254000 -0.060036 0.321875 0.944877 -0.165600 0.000000 0.000000 0.000000 1.000000
0.997691 0.047410 0.048623 0.000000 -0.029060 0.945164 -0.325301 16.254000 -0.061379 0.323137 0.944359 -0.165600 0.000000 0.000000 0.000000 1.000000
0.997576 0.048532 0.049858 -0.000000 -0.029677 0.944905 -0.325996 16.254000 -0.062932 0.323726 0.944056 -0.165600 0.000000 0.000000 0.000000 1.000000
0.997463 0.049031 0.051608 0.000000 -0.029547 0.944739 -0.326490 16.254000 -0.064764 0.324137 0.943791 -0.165600 0.000000 0.000000 0.000000 1.000000
0.997351 0.049228 0.053558 0.000000 -0.029051 0.944519 -0.327168 16.254000 -0.066693 0.324746 0.943447 -0.165600 0.000000 0.000000 0.000000 1.000000
0.997250 0.049287 0.055353 0.000000 -0.028466 0.944268 -0.327945 16.254000 -0.068431 0.325467 0.943074 -0.165600 0.000000 0.000000 0.000000 1.000000
0.997172 0.049272 0.056744 0.000000 -0.027952 0.944073 -0.328549 16.254000 -0.069759 0.326034 0.942781 -0.165600 0.000000 0.000000 0.000000 1.000000
0.997119 0.049329 0.057628 0.000000 -0.027688 0.943947 -0.328933 16.254000 -0.070623 0.326390 0.942593 -0.165600 0.000000 0.000000 0.000000 1.000000
0.997082 0.049565 0.058052 0.000000 -0.027748 0.943832 -0.329258 16.254000 -0.071111 0.326686 0.942454 -0.165600 0.000000 0.000000 0.000000 1.000000
0.997052 0.049891 0.058291 -0.000000 -0.027954 0.943717 -0.329571 16.254000 -0.071453 0.326970 0.942330 -0.165600 0.000000 0.000000 0.000000 1.000000
0.997013 0.050183 0.058704 0.000000 -0.028083 0.943658 -0.329728 16.254000 -0.071943 0.327095 0.942249 -0.165600 0.000000 0.000000 0.000000 1.000000
0.996961 0.050458 0.059344 0.000000 -0.028137 0.943675 -0.329676 16.254000 -0.072637 0.327004 0.942227 -0.165600 0.000000 0.000000 0.000000 1.000000
0.996910 0.050756 0.059953 0.000000 -0.028226 0.943700 -0.329597 16.254000 -0.073306 0.326887 0.942216 -0.165600 0.000000 0.000000 0.000000 1.000000</float_array><technique_common><accessor source="#Spine1-Matrix-animation-output-transform-array" count="32" stride="16"><param type="float4x4"/></accessor></technique_common></source><source id="Spine1-Interpolations"><Name_array id="Spine1-Interpolations-array" count="32">
 LINEAR LINEAR LINEAR LINEAR LINEAR LINEAR LINEAR LINEAR LINEAR LINEAR LINEAR
LINEAR LINEAR LINEAR LINEAR LINEAR LINEAR LINEAR LINEAR LINEAR LINEAR LINEAR LINEAR
LINEAR LINEAR LINEAR LINEAR LINEAR LINEAR LINEAR LINEAR LINEAR</Name_array><technique_common><accessor source="#Spine1-Interpolations-array" count="32"><param type="name"/></accessor></technique_common></source><sampler id="Spine1-Matrix-animation-transform"><input semantic="INPUT" source="#Spine1-Matrix-animation-input"/><input semantic="OUTPUT" source="#Spine1-Matrix-animation-output-transform"/><input semantic="INTERPOLATION" source="#Spine1-Interpolations"/></sampler><channel source="#Spine1-Matrix-animation-transform" target="Spine1/matrix"/></animation>
    <animation id="Spine2-anim" name="Spine2"><source id="Spine2-Matrix-animation-input"><float_array id="Spine2-Matrix-animation-input-array" count="32">

0.000000 0.033333 0.066667 0.100000 0.133333 0.166667 0.200000 0.233333 0.266667 0.300000 0.333333 0.366667 0.400000 0.433333 0.466667 0.500000
0.533333 0.566667 0.600000 0.633333 0.666667 0.700000 0.733333 0.766667 0.800000 0.833333 0.866667 0.900000 0.933333 0.966667 1.000000 1.033333</float_array><technique_common><accessor source="#Spine2-Matrix-animation-input-array" count="32"><param name="TIME" type="float"/></accessor></technique_common></source><source id="Spine2-Matrix-animation-output-transform"><float_array id="Spine2-Matrix-animation-output-transform-array" count="512">

0.996838 0.051612 0.060418 0.000000 -0.028839 0.943487 -0.330154 13.639600 -0.074044 0.327367 0.941992 -1.292300 0.000000 0.000000 0.000000 1.000000
0.996834 0.051657 0.060442 0.000000 -0.028881 0.943517 -0.330062 13.639600 -0.074078 0.327271 0.942022 -1.292300 0.000000 0.000000 0.000000 1.000000
0.996838 0.051660 0.060379 0.000000 -0.028907 0.943527 -0.330031 13.639600 -0.074018 0.327242 0.942037 -1.292300 0.000000 0.000000 0.000000 1.000000
0.996847 0.051671 0.060215 0.000000 -0.028971 0.943523 -0.330037 13.639600 -0.073867 0.327252 0.942046 -1.292300 0.000000 0.000000 0.000000 1.000000
0.996849 0.051703 0.060155 0.000000 -0.029026 0.943542 -0.329979 13.639600 -0.073820 0.327193 0.942070 -1.292300 0.000000 0.000000 0.000000 1.000000
0.996824 0.051731 0.060541 0.000000 -0.028942 0.943617 -0.329772 13.639600 -0.074187 0.326972 0.942117 -1.292300 0.000000 0.000000 0.000000 1.000000
0.996780 0.051741 0.061265 0.000000 -0.028736 0.943726 -0.329477 13.639600 -0.074865 0.326655 0.942174 -1.292300 0.000000 0.000000 0.000000 1.000000
0.996775 0.051739 0.061335 0.000000 -0.028740 0.943852 -0.329117 13.639600 -0.074919 0.326293 0.942295 -1.292300 0.000000 0.000000 0.000000 1.000000
0.996873 0.051516 0.059924 -0.000000 -0.029076 0.944217 -0.328037 13.639600 -0.073480 0.325269 0.942762 -1.292300 0.000000 0.000000 0.000000 1.000000
0.997070 0.050152 0.057757 0.000000 -0.028738 0.945354 -0.324777 13.639600 -0.070889 0.322165 0.944026 -1.292300 0.000000 0.000000 0.000000 1.000000
0.997364 0.046364 0.055814 0.000000 -0.026207 0.947479 -0.318743 13.639600 -0.067661 0.316441 0.946196 -1.292300 0.000000 0.000000 0.000000 1.000000
0.997750 0.040342 0.053548 0.000000 -0.021658 0.949822 -0.312041 13.639600 -0.063449 0.310179 0.948558 -1.292300 0.000000 0.000000 0.000000 1.000000
0.998129 0.034552 0.050453 0.000000 -0.017356 0.951212 -0.308050 13.639600 -0.058635 0.306598 0.950032 -1.292300 0.000000 0.000000 0.000000 1.000000
0.998366 0.031502 0.047667 0.000000 -0.015299 0.951203 -0.308187 13.639600 -0.055049 0.306954 0.950131 -1.292300 0.000000 0.000000 0.000000 1.000000
0.998424 0.031558 0.046405 -0.000000 -0.015571 0.950224 -0.311177 13.639600 -0.053915 0.309965 0.949218 -1.292300 0.000000 0.000000 0.000000 1.000000
0.998361 0.033505 0.046391 0.000000 -0.017223 0.949018 -0.314751 13.639600 -0.054572 0.313436 0.948040 -1.292300 0.000000 0.000000 0.000000 1.000000
0.998249 0.036217 0.046769 0.000000 -0.019520 0.948052 -0.317515 13.639600 -0.055839 0.316046 0.947099 -1.292300 0.000000 0.000000 0.000000 1.000000
0.998114 0.039290 0.047168 0.000000 -0.022183 0.947276 -0.319649 13.639600 -0.057240 0.317999 0.946361 -1.292300 0.000000 0.000000 0.000000 1.000000
0.997964 0.042518 0.047537 0.000000 -0.024994 0.946470 -0.321822 13.639600 -0.058675 0.319979 0.945606 -1.292300 0.000000 0.000000 0.000000 1.000000
0.997819 0.045389 0.047938 0.000000 -0.027457 0.945694 -0.323898 13.639600 -0.060036 0.321875 0.944877 -1.292300 0.000000 0.000000 0.000000 1.000000
0.997691 0.047410 0.048623 0.000000 -0.029060 0.945164 -0.325301 13.639600 -0.061379 0.323137 0.944360 -1.292300 0.000000 0.000000 0.000000 1.000000
0.997576 0.048533 0.049858 0.000000 -0.029677 0.944905 -0.325996 13.639600 -0.062932 0.323726 0.944056 -1.292300 0.000000 0.000000 0.000000 1.000000
0.997463 0.049031 0.051608 0.000000 -0.029547 0.944739 -0.326490 13.639600 -0.064764 0.324137 0.943791 -1.292300 0.000000 0.000000 0.000000 1.000000
0.997351 0.049228 0.053559 -0.000000 -0.029051 0.944519 -0.327168 13.639600 -0.066693 0.324745 0.943447 -1.292300 0.000000 0.000000 0.000000 1.000000
0.997250 0.049287 0.055353 -0.000000 -0.028466 0.944268 -0.327945 13.639600 -0.068431 0.325467 0.943074 -1.292300 0.000000 0.000000 0.000000 1.000000
0.997172 0.049272 0.056744 -0.000000 -0.027952 0.944073 -0.328549 13.639600 -0.069759 0.326033 0.942781 -1.292300 0.000000 0.000000 0.000000 1.000000
0.997119 0.049329 0.057628 -0.000000 -0.027688 0.943947 -0.328933 13.639600 -0.070623 0.326390 0.942593 -1.292300 0.000000 0.000000 0.000000 1.000000
0.997082 0.049565 0.058052 -0.000000 -0.027748 0.943832 -0.329258 13.639600 -0.071111 0.326686 0.942454 -1.292300 0.000000 0.000000 0.000000 1.000000
0.997052 0.049891 0.058291 -0.000000 -0.027954 0.943717 -0.329571 13.639600 -0.071453 0.326970 0.942330 -1.292300 0.000000 0.000000 0.000000 1.000000
0.997013 0.050183 0.058704 0.000000 -0.028083 0.943658 -0.329728 13.639600 -0.071943 0.327094 0.942249 -1.292300 0.000000 0.000000 0.000000 1.000000
0.996962 0.050458 0.059344 -0.000000 -0.028137 0.943675 -0.329676 13.639600 -0.072636 0.327004 0.942227 -1.292300 0.000000 0.000000 0.000000 1.000000
0.996910 0.050756 0.059953 -0.000000 -0.028226 0.943700 -0.329597 13.639600 -0.073306 0.326887 0.942216 -1.292300 0.000000 0.000000 0.000000 1.000000</float_array><technique_common><accessor source="#Spine2-Matrix-animation-output-transform-array" count="32" stride="16"><param type="float4x4"/></accessor></technique_common></source><source id="Spine2-Interpolations"><Name_array id="Spine2-Interpolations-array" count="32">
 LINEAR LINEAR LINEAR LINEAR LINEAR LINEAR LINEAR LINEAR LINEAR LINEAR LINEAR
LINEAR LINEAR LINEAR LINEAR LINEAR LINEAR LINEAR LINEAR LINEAR LINEAR LINEAR LINEAR
LINEAR LINEAR LINEAR LINEAR LINEAR LINEAR LINEAR LINEAR LINEAR</Name_array><technique_common><accessor source="#Spine2-Interpolations-array" count="32"><param type="name"/></accessor></technique_common></source><sampler id="Spine2-Matrix-animation-transform"><input semantic="INPUT" source="#Spine2-Matrix-animation-input"/><input semantic="OUTPUT" source="#Spine2-Matrix-animation-output-transform"/><input semantic="INTERPOLATION" source="#Spine2-Interpolations"/></sampler><channel source="#Spine2-Matrix-animation-transform" target="Spine2/matrix"/></animation>
    <animation id="Neck-anim" name="Neck"><source id="Neck-Matrix-animation-input"><float_array id="Neck-Matrix-animation-input-array" count="32">

0.000000 0.033333 0.066667 0.100000 0.133333 0.166667 0.200000 0.233333 0.266667 0.300000 0.333333 0.366667 0.400000 0.433333 0.466667 0.500000
0.533333 0.566667 0.600000 0.633333 0.666667 0.700000 0.733333 0.766667 0.800000 0.833333 0.866667 0.900000 0.933333 0.966667 1.000000 1.033333</float_array><technique_common><accessor source="#Neck-Matrix-animation-input-array" count="32"><param name="TIME" type="float"/></accessor></technique_common></source><source id="Neck-Matrix-animation-output-transform"><float_array id="Neck-Matrix-animation-output-transform-array" count="512">

0.995524 -0.000679 0.094502 -0.000000 -0.032790 0.935374 0.352138 13.877400 -0.088634 -0.353660 0.931165 -4.354200 0.000000 0.000000 0.000000 1.000000
0.995515 -0.000070 0.094599 -0.000000 -0.033372 0.935449 0.351883 13.877400 -0.088517 -0.353462 0.931251 -4.354200 0.000000 0.000000 0.000000 1.000000
0.995466 0.001148 0.095115 0.000000 -0.034660 0.935562 0.351459 13.877400 -0.088583 -0.353162 0.931359 -4.354200 0.000000 0.000000 0.000000 1.000000
0.995397 0.002436 0.095802 0.000000 -0.036116 0.935505 0.351462 13.877400 -0.088767 -0.353305 0.931287 -4.354200 0.000000 0.000000 0.000000 1.000000
0.995363 0.003162 0.096138 -0.000000 -0.036979 0.935232 0.352098 13.877400 -0.088798 -0.354020 0.931013 -4.354200 0.000000 0.000000 0.000000 1.000000
0.995363 0.003442 0.096128 0.000000 -0.037244 0.935201 0.352154 13.877400 -0.088687 -0.354101 0.930992 -4.354200 0.000000 0.000000 0.000000 1.000000
0.995314 0.004647 0.096583 0.000000 -0.038310 0.936056 0.349759 13.877400 -0.088781 -0.351821 0.931848 -4.354200 0.000000 0.000000 0.000000 1.000000
0.995168 0.007240 0.097921 0.000000 -0.040832 0.937470 0.345663 13.877400 -0.089296 -0.347991 0.933236 -4.354200 0.000000 0.000000 0.000000 1.000000
0.995093 0.006111 0.098754 0.000000 -0.039954 0.937916 0.344554 13.877400 -0.090518 -0.346809 0.933558 -4.354200 0.000000 0.000000 0.000000 1.000000
0.995267 -0.006935 0.096930 -0.000000 -0.027540 0.936430 0.349771 13.877400 -0.093194 -0.350785 0.931807 -4.354200 0.000000 0.000000 0.000000 1.000000
0.995128 -0.032310 0.093148 -0.000000 -0.003203 0.933687 0.358076 13.877400 -0.098540 -0.356629 0.929035 -4.354200 0.000000 0.000000 0.000000 1.000000
0.993812 -0.062460 0.091847 0.000000 0.024686 0.930434 0.365627 13.877400 -0.108295 -0.361097 0.926219 -4.354200 0.000000 0.000000 0.000000 1.000000
0.991245 -0.091606 0.095088 -0.000000 0.049616 0.925820 0.374695 13.877400 -0.122359 -0.366697 0.922259 -4.354200 0.000000 0.000000 0.000000 1.000000
0.988337 -0.115939 0.098729 0.000000 0.069210 0.919499 0.386952 13.877400 -0.135644 -0.375606 0.916799 -4.354200 0.000000 0.000000 0.000000 1.000000
0.986782 -0.128881 0.098237 0.000000 0.079843 0.914188 0.397349 13.877400 -0.141018 -0.384253 0.912394 -4.354200 0.000000 0.000000 0.000000 1.000000
0.987568 -0.125256 0.094972 0.000000 0.077503 0.913644 0.399058 13.877400 -0.136755 -0.386736 0.911994 -4.354200 0.000000 0.000000 0.000000 1.000000
0.989591 -0.109189 0.093741 0.000000 0.064359 0.918416 0.390347 13.877400 -0.128715 -0.380251 0.915883 -4.354200 0.000000 0.000000 0.000000 1.000000
0.991143 -0.091405 0.096335 -0.000000 0.048846 0.925499 0.375588 13.877400 -0.123489 -0.367556 0.921766 -4.354200 0.000000 0.000000 0.000000 1.000000
0.991877 -0.078510 0.100079 0.000000 0.037312 0.931760 0.361153 13.877400 -0.121603 -0.354486 0.927121 -4.354200 0.000000 0.000000 0.000000 1.000000
0.992384 -0.069317 0.101832 -0.000000 0.029372 0.935964 0.350868 13.877400 -0.119632 -0.345205 0.930871 -4.354200 0.000000 0.000000 0.000000 1.000000
0.993025 -0.060693 0.101084 0.000000 0.022229 0.938330 0.345025 13.877400 -0.115790 -0.340371 0.933135 -4.354200 0.000000 0.000000 0.000000 1.000000
0.993677 -0.052471 0.099259 0.000000 0.015430 0.939507 0.342182 13.877400 -0.111209 -0.338487 0.934376 -4.354200 0.000000 0.000000 0.000000 1.000000
0.994130 -0.046128 0.097862 -0.000000 0.010093 0.940151 0.340609 13.877400 -0.107717 -0.337622 0.935098 -4.354200 0.000000 0.000000 0.000000 1.000000
0.994369 -0.041841 0.097368 -0.000000 0.006384 0.940742 0.339064 13.877400 -0.105785 -0.336533 0.935711 -4.354200 0.000000 0.000000 0.000000 1.000000
0.994534 -0.038094 0.097212 0.000000 0.003101 0.941432 0.337188 13.877400 -0.104364 -0.335044 0.936405 -4.354200 0.000000 0.000000 0.000000 1.000000
0.994746 -0.033374 0.096783 0.000000 -0.001019 0.942096 0.335342 13.877400 -0.102370 -0.333679 0.937112 -4.354200 0.000000 0.000000 0.000000 1.000000
0.994960 -0.027785 0.096347 0.000000 -0.006075 0.942376 0.334501 13.877400 -0.100089 -0.333400 0.937457 -4.354200 0.000000 0.000000 0.000000 1.000000
0.995090 -0.022566 0.096369 -0.000000 -0.011140 0.941940 0.335597 13.877400 -0.098347 -0.335023 0.937063 -4.354200 0.000000 0.000000 0.000000 1.000000
0.995158 -0.018576 0.096515 0.000000 -0.015263 0.940858 0.338458 13.877400 -0.097094 -0.338292 0.936019 -4.354200 0.000000 0.000000 0.000000 1.000000
0.995235 -0.015696 0.096234 0.000000 -0.018246 0.939545 0.341940 13.877400 -0.095783 -0.342066 0.934781 -4.354200 0.000000 0.000000 0.000000 1.000000
0.995338 -0.013147 0.095550 0.000000 -0.020744 0.938306 0.345185 13.877400 -0.094193 -0.345557 0.933658 -4.354200 0.000000 0.000000 0.000000 1.000000
0.995436 -0.010236 0.094886 0.000000 -0.023536 0.937192 0.348019 13.877400 -0.092488 -0.348664 0.932673 -4.354200 0.000000 0.000000 0.000000 1.000000</float_array><technique_common><accessor source="#Neck-Matrix-animation-output-transform-array" count="32" stride="16"><param type="float4x4"/></accessor></technique_common></source><source id="Neck-Interpolations"><Name_array id="Neck-Interpolations-array" count="32">
 LINEAR LINEAR LINEAR LINEAR LINEAR LINEAR LINEAR LINEAR LINEAR LINEAR LINEAR
LINEAR LINEAR LINEAR LINEAR LINEAR LINEAR LINEAR LINEAR LINEAR LINEAR LINEAR LINEAR
LINEAR LINEAR LINEAR LINEAR LINEAR LINEAR LINEAR LINEAR LINEAR</Name_array><technique_common><accessor source="#Neck-Interpolations-array" count="32"><param type="name"/></accessor></technique_common></source><sampler id="Neck-Matrix-animation-transform"><input semantic="INPUT" source="#Neck-Matrix-animation-input"/><input semantic="OUTPUT" source="#Neck-Matrix-animation-output-transform"/><input semantic="INTERPOLATION" source="#Neck-Interpolations"/></sampler><channel source="#Neck-Matrix-animation-transform" target="Neck/matrix"/></animation>
    <animation id="Neck1-anim" name="Neck1"><source id="Neck1-Matrix-animation-input"><float_array id="Neck1-Matrix-animation-input-array" count="32">

0.000000 0.033333 0.066667 0.100000 0.133333 0.166667 0.200000 0.233333 0.266667 0.300000 0.333333 0.366667 0.400000 0.433333 0.466667 0.500000
0.533333 0.566667 0.600000 0.633333 0.666667 0.700000 0.733333 0.766667 0.800000 0.833333 0.866667 0.900000 0.933333 0.966667 1.000000 1.033333</float_array><technique_common><accessor source="#Neck1-Matrix-animation-input-array" count="32"><param name="TIME" type="float"/></accessor></technique_common></source><source id="Neck1-Matrix-animation-output-transform"><float_array id="Neck1-Matrix-animation-output-transform-array" count="512">

1.000000 -0.000000 0.000000 0.000000 0.000000 1.000000 0.000000 4.340000 0.000000 -0.000000 1.000000 0.926900 0.000000 0.000000 0.000000 1.000000
1.000000 0.000000 0.000000 0.000000 0.000000 1.000000 0.000000 4.340000 0.000000 -0.000000 1.000000 0.926900 0.000000 0.000000 0.000000 1.000000
1.000000 0.000000 0.000000 0.000000 0.000000 1.000000 -0.000000 4.340000 0.000000 -0.000000 1.000000 0.926900 0.000000 0.000000 0.000000 1.000000
1.000000 0.000000 0.000000 0.000000 0.000000 1.000000 0.000000 4.340000 0.000000 0.000000 1.000000 0.926900 0.000000 0.000000 0.000000 1.000000
1.000000 0.000000 0.000000 0.000000 0.000000 1.000000 -0.000000 4.340000 0.000000 0.000000 1.000000 0.926900 0.000000 0.000000 0.000000 1.000000
1.000000 0.000000 0.000000 0.000000 0.000000 1.000000 0.000000 4.340000 0.000000 0.000000 1.000000 0.926900 0.000000 0.000000 0.000000 1.000000
1.000000 0.000000 0.000000 0.000000 -0.000000 1.000000 0.000000 4.340000 0.000000 0.000000 1.000000 0.926900 0.000000 0.000000 0.000000 1.000000
1.000000 0.000000 -0.000000 0.000000 0.000000 1.000000 0.000000 4.340000 -0.000000 -0.000000 1.000000 0.926900 0.000000 0.000000 0.000000 1.000000
1.000000 0.000000 0.000000 0.000000 -0.000000 1.000000 -0.000000 4.340000 0.000000 0.000000 1.000000 0.926900 0.000000 0.000000 0.000000 1.000000
1.000000 0.000000 0.000000 -0.000000 -0.000000 1.000000 0.000000 4.340000 0.000000 0.000000 1.000000 0.926900 0.000000 0.000000 0.000000 1.000000
1.000000 0.000000 0.000000 -0.000000 -0.000000 1.000000 0.000000 4.340000 0.000000 0.000000 1.000000 0.926900 0.000000 0.000000 0.000000 1.000000
1.000000 0.000000 0.000000 0.000000 -0.000000 1.000000 0.000000 4.340000 0.000000 0.000000 1.000000 0.926900 0.000000 0.000000 0.000000 1.000000
1.000000 -0.000000 0.000000 0.000000 0.000000 1.000000 -0.000000 4.340000 -0.000000 0.000000 1.000000 0.926900 0.000000 0.000000 0.000000 1.000000
1.000000 0.000000 0.000000 -0.000000 0.000000 1.000000 -0.000000 4.340000 0.000000 0.000000 1.000000 0.926900 0.000000 0.000000 0.000000 1.000000
1.000000 -0.000000 0.000000 0.000000 -0.000000 1.000000 -0.000000 4.340000 -0.000000 0.000000 1.000000 0.926900 0.000000 0.000000 0.000000 1.000000
1.000000 -0.000000 0.000000 0.000000 0.000000 1.000000 0.000000 4.340000 0.000000 0.000000 1.000000 0.926900 0.000000 0.000000 0.000000 1.000000
1.000000 -0.000000 0.000000 0.000000 -0.000000 1.000000 -0.000000 4.340000 0.000000 -0.000000 1.000000 0.926900 0.000000 0.000000 0.000000 1.000000
1.000000 -0.000000 0.000000 0.000000 0.000000 1.000000 0.000000 4.340000 0.000000 -0.000000 1.000000 0.926900 0.000000 0.000000 0.000000 1.000000
1.000000 -0.000000 0.000000 0.000000 -0.000000 1.000000 0.000000 4.340000 0.000000 -0.000000 1.000000 0.926900 0.000000 0.000000 0.000000 1.000000
1.000000 0.000000 0.000000 -0.000000 0.000000 1.000000 -0.000000 4.340000 0.000000 0.000000 1.000000 0.926900 0.000000 0.000000 0.000000 1.000000
1.000000 0.000000 0.000000 -0.000000 0.000000 1.000000 0.000000 4.340000 0.000000 0.000000 1.000000 0.926900 0.000000 0.000000 0.000000 1.000000
1.000000 0.000000 0.000000 -0.000000 0.000000 1.000000 0.000000 4.340000 0.000000 -0.000000 1.000000 0.926900 0.000000 0.000000 0.000000 1.000000
1.000000 0.000000 0.000000 0.000000 -0.000000 1.000000 0.000000 4.340000 -0.000000 0.000000 1.000000 0.926900 0.000000 0.000000 0.000000 1.000000
1.000000 -0.000000 0.000000 0.000000 -0.000000 1.000000 -0.000000 4.340000 0.000000 0.000000 1.000000 0.926900 0.000000 0.000000 0.000000 1.000000
1.000000 0.000000 0.000000 -0.000000 0.000000 1.000000 0.000000 4.340000 0.000000 -0.000000 1.000000 0.926900 0.000000 0.000000 0.000000 1.000000
1.000000 -0.000000 0.000000 -0.000000 0.000000 1.000000 -0.000000 4.340000 0.000000 -0.000000 1.000000 0.926900 0.000000 0.000000 0.000000 1.000000
1.000000 0.000000 -0.000000 -0.000000 -0.000000 1.000000 -0.000000 4.340000 0.000000 0.000000 1.000000 0.926900 0.000000 0.000000 0.000000 1.000000
1.000000 0.000000 0.000000 -0.000000 -0.000000 1.000000 -0.000000 4.340000 -0.000000 -0.000000 1.000000 0.926900 0.000000 0.000000 0.000000 1.000000
1.000000 0.000000 0.000000 0.000000 -0.000000 1.000000 0.000000 4.340000 -0.000000 0.000000 1.000000 0.926900 0.000000 0.000000 0.000000 1.000000
1.000000 0.000000 0.000000 0.000000 -0.000000 1.000000 0.000000 4.340000 -0.000000 -0.000000 1.000000 0.926900 0.000000 0.000000 0.000000 1.000000
1.000000 -0.000000 0.000000 -0.000000 0.000000 1.000000 0.000000 4.340000 0.000000 0.000000 1.000000 0.926900 0.000000 0.000000 0.000000 1.000000
1.000000 0.000000 0.000000 0.000000 -0.000000 1.000000 -0.000000 4.340000 0.000000 -0.000000 1.000000 0.926900 0.000000 0.000000 0.000000 1.000000</float_array><technique_common><accessor source="#Neck1-Matrix-animation-output-transform-array" count="32" stride="16"><param type="float4x4"/></accessor></technique_common></source><source id="Neck1-Interpolations"><Name_array id="Neck1-Interpolations-array" count="32">
 LINEAR LINEAR LINEAR LINEAR LINEAR LINEAR LINEAR LINEAR LINEAR LINEAR LINEAR
LINEAR LINEAR LINEAR LINEAR LINEAR LINEAR LINEAR LINEAR LINEAR LINEAR LINEAR LINEAR
LINEAR LINEAR LINEAR LINEAR LINEAR LINEAR LINEAR LINEAR LINEAR</Name_array><technique_common><accessor source="#Neck1-Interpolations-array" count="32"><param type="name"/></accessor></technique_common></source><sampler id="Neck1-Matrix-animation-transform"><input semantic="INPUT" source="#Neck1-Matrix-animation-input"/><input semantic="OUTPUT" source="#Neck1-Matrix-animation-output-transform"/><input semantic="INTERPOLATION" source="#Neck1-Interpolations"/></sampler><channel source="#Neck1-Matrix-animation-transform" target="Neck1/matrix"/></animation>
    <animation id="Head-anim" name="Head"><source id="Head-Matrix-animation-input"><float_array id="Head-Matrix-animation-input-array" count="32">

0.000000 0.033333 0.066667 0.100000 0.133333 0.166667 0.200000 0.233333 0.266667 0.300000 0.333333 0.366667 0.400000 0.433333 0.466667 0.500000
