<?xml version="1.0" encoding="utf-8"?>
<COLLADA xmlns="http://www.collada.org/2005/11/COLLADASchema" version="1.4.1">
  <asset><contributor><author>Mixamo</author><authoring_tool>COLLADA Mixamo exporter</authoring_tool><comments></comments></contributor><created>2018-12-17T17:21:08Z</created><modified>2018-12-17T17:21:08Z</modified><revision></revision><title></title><unit meter="0.010000"/><up_axis>Y_UP</up_axis></asset>
  <library_animations>
    <animation id="Hips-anim" name="Hips"><source id="Hips-Matrix-animation-input"><float_array id="Hips-Matrix-animation-input-array" count="23">

0.000000 0.033333 0.066667 0.100000 0.133333 0.166667 0.200000 0.233333 0.266667 0.300000 0.333333 0.366667 0.400000 0.433333 0.466667 0.500000
0.533333 0.566667 0.600000 0.633333 0.666667 0.700000 0.733333</float_array><technique_common><accessor source="#Hips-Matrix-animation-input-array" count="23"><param name="TIME" type="float"/></accessor></technique_common></source><source id="Hips-Matrix-animation-output-transform"><float_array id="Hips-Matrix-animation-output-transform-array" count="368">

0.950609 0.056932 -0.305126 0.080454 -0.164539 0.925978 -0.339840 80.978195 0.263192 0.373260 0.889610 -0.263564 0.000000 0.000000 0.000000 1.000000
0.966953 -0.016570 -0.254415 0.613033 -0.076224 0.933456 -0.350499 82.043739 0.243293 0.358308 0.901345 -0.632919 0.000000 0.000000 0.000000 1.000000
0.985135 -0.091156 -0.145601 0.903005 0.028314 0.922161 -0.385768 83.634201 0.169433 0.375911 0.911034 -0.701650 0.000000 0.000000 0.000000 1.000000
0.993359 -0.108175 -0.039196 0.909461 0.082804 0.908661 -0.409242 85.069443 0.079886 0.403279 0.911583 -0.758128 0.000000 0.000000 0.000000 1.000000
0.997210 -0.064789 0.037085 1.013549 0.074336 0.907434 -0.413568 86.018448 -0.006857 0.415171 0.909718 -0.901453 0.000000 0.000000 0.000000 1.000000
0.996443 -0.028768 0.079207 1.237633 0.057448 0.919564 -0.388719 85.841431 -0.061653 0.391886 0.917946 -1.467754 0.000000 0.000000 0.000000 1.000000
0.994788 -0.033761 0.096212 1.517437 0.065306 0.935620 -0.346916 84.970894 -0.078306 0.351391 0.932948 -2.000156 0.000000 0.000000 0.000000 1.000000
0.993961 -0.050739 0.097303 1.755583 0.079590 0.943769 -0.320883 83.792717 -0.075550 0.326689 0.942107 -2.906157 0.000000 0.000000 0.000000 1.000000
0.990866 -0.070369 0.115038 2.103173 0.103179 0.944881 -0.310731 81.868263 -0.086832 0.319762 0.943511 -4.790228 0.000000 0.000000 0.000000 1.000000
0.982711 -0.079868 0.167034 2.204389 0.129726 0.940714 -0.313414 80.285469 -0.132099 0.329664 0.934811 -7.365789 0.000000 0.000000 0.000000 1.000000
0.972378 -0.029333 0.231563 1.712931 0.104967 0.941049 -0.321571 79.284111 -0.208479 0.336995 0.918134 -8.710904 0.000000 0.000000 0.000000 1.000000
0.964003 0.039053 0.263010 1.278322 0.050560 0.944184 -0.325514 79.700768 -0.261042 0.327094 0.908222 -8.450374 0.000000 0.000000 0.000000 1.000000
0.969728 0.092477 0.225999 1.154266 -0.009703 0.939377 -0.342750 81.456398 -0.243995 0.330181 0.911837 -7.353985 0.000000 0.000000 0.000000 1.000000
0.983147 0.142972 0.113939 1.107255 -0.093093 0.927888 -0.361050 83.207642 -0.157342 0.344358 0.925560 -6.086276 0.000000 0.000000 0.000000 1.000000
0.987066 0.159651 -0.014591 1.071342 -0.153743 0.916866 -0.368401 84.686378 -0.045437 0.365879 0.929553 -5.069271 0.000000 0.000000 0.000000 1.000000
0.987837 0.130234 -0.084959 0.915416 -0.153004 0.911527 -0.381718 86.226700 0.027729 0.390074 0.920366 -4.123206 0.000000 0.000000 0.000000 1.000000
0.990335 0.098070 -0.098076 0.803579 -0.128035 0.918304 -0.374599 86.456726 0.053327 0.383536 0.921985 -3.853050 0.000000 0.000000 0.000000 1.000000
0.991871 0.080378 -0.098645 0.785742 -0.110252 0.929912 -0.350869 86.006668 0.063529 0.358892 0.931214 -3.216806 0.000000 0.000000 0.000000 1.000000
0.990319 0.076892 -0.115565 0.638117 -0.111918 0.934794 -0.337097 84.710510 0.082109 0.346768 0.934350 -2.079931 0.000000 0.000000 0.000000 1.000000
0.981311 0.100821 -0.163900 0.164546 -0.151133 0.931039 -0.332153 82.693832 0.119109 0.350717 0.928876 -1.458940 0.000000 0.000000 0.000000 1.000000
0.961755 0.137926 -0.236651 -0.224652 -0.215979 0.913230 -0.345491 81.030899 0.168465 0.383389 0.908093 -2.345653 0.000000 0.000000 0.000000 1.000000
0.948870 0.114062 -0.294339 -0.183805 -0.219975 0.907678 -0.357397 80.216972 0.226399 0.403870 0.886359 -2.336803 0.000000 0.000000 0.000000 1.000000
0.950609 0.056932 -0.305126 0.080454 -0.164539 0.925978 -0.339840 80.978195 0.263192 0.373260 0.889610 -0.263566 0.000000 0.000000 0.000000 1.000000</float_array><technique_common><accessor source="#Hips-Matrix-animation-output-transform-array" count="23" stride="16"><param type="float4x4"/></accessor></technique_common></source><source id="Hips-Interpolations"><Name_array id="Hips-Interpolations-array" count="23">
 LINEAR LINEAR LINEAR LINEAR LINEAR LINEAR LINEAR LINEAR LINEAR LINEAR LINEAR
LINEAR LINEAR LINEAR LINEAR LINEAR LINEAR LINEAR LINEAR LINEAR LINEAR LINEAR LINEAR</Name_array><technique_common><accessor source="#Hips-Interpolations-array" count="23"><param type="name"/></accessor></technique_common></source><sampler id="Hips-Matrix-animation-transform"><input semantic="INPUT" source="#Hips-Matrix-animation-input"/><input semantic="OUTPUT" source="#Hips-Matrix-animation-output-transform"/><input semantic="INTERPOLATION" source="#Hips-Interpolations"/></sampler><channel source="#Hips-Matrix-animation-transform" target="Hips/matrix"/></animation>
    <animation id="Spine-anim" name="Spine"><source id="Spine-Matrix-animation-input"><float_array id="Spine-Matrix-animation-input-array" count="23">

0.000000 0.033333 0.066667 0.100000 0.133333 0.166667 0.200000 0.233333 0.266667 0.300000 0.333333 0.366667 0.400000 0.433333 0.466667 0.500000
0.533333 0.566667 0.600000 0.633333 0.666667 0.700000 0.733333</float_array><technique_common><accessor source="#Spine-Matrix-animation-input-array" count="23"><param name="TIME" type="float"/></accessor></technique_common></source><source id="Spine-Matrix-animation-output-transform"><float_array id="Spine-Matrix-animation-output-transform-array" count="368">

0.978525 -0.016719 0.205450 0.000000 0.069531 0.965061 -0.252630 9.226300 -0.194049 0.261490 0.945499 1.577100 0.000000 0.000000 0.000000 1.000000
0.965399 0.067476 0.251895 -0.000000 -0.005134 0.970675 -0.240342 9.226300 -0.260725 0.230733 0.937435 1.577100 0.000000 0.000000 0.000000 1.000000
0.954675 0.143267 0.260903 0.000000 -0.089153 0.973932 -0.208586 9.226300 -0.283986 0.175871 0.942561 1.577100 0.000000 0.000000 0.000000 1.000000
0.953782 0.165861 0.250581 0.000000 -0.124197 0.976902 -0.173887 9.226300 -0.273634 0.134729 0.952351 1.577100 0.000000 0.000000 0.000000 1.000000
0.965495 0.127929 0.226832 -0.000000 -0.097751 0.985363 -0.139658 9.226300 -0.241378 0.112666 0.963869 1.577100 0.000000 0.000000 0.000000 1.000000
0.977303 0.096256 0.188718 -0.000000 -0.070179 0.987618 -0.140305 9.226300 -0.199887 0.123877 0.971957 1.577100 0.000000 0.000000 0.000000 1.000000
0.981166 0.107533 0.160469 0.000000 -0.080192 0.982507 -0.168073 9.226300 -0.175736 0.152039 0.972626 1.577100 0.000000 0.000000 0.000000 1.000000
0.981070 0.134498 0.139329 0.000000 -0.106632 0.975763 -0.191094 9.226300 -0.161653 0.172620 0.971633 1.577100 0.000000 0.000000 0.000000 1.000000
0.983712 0.156369 0.088654 0.000000 -0.134591 0.967663 -0.213341 9.226300 -0.119147 0.197934 0.972947 1.577100 0.000000 0.000000 0.000000 1.000000
0.987283 0.158955 0.002168 0.000000 -0.153990 0.959654 -0.235268 9.226300 -0.039478 0.231943 0.971928 1.577100 0.000000 0.000000 0.000000 1.000000
0.990906 0.097669 -0.092553 0.000000 -0.117087 0.964812 -0.235432 9.226300 0.066302 0.244128 0.967474 1.577100 0.000000 0.000000 0.000000 1.000000
0.983404 0.008755 -0.181218 0.000000 -0.051506 0.971212 -0.232582 9.226300 0.173964 0.238055 0.955545 1.577100 0.000000 0.000000 0.000000 1.000000
0.968718 -0.064306 -0.239689 0.000000 0.010709 0.975776 -0.218508 9.226300 0.247934 0.209105 0.945941 1.577100 0.000000 0.000000 0.000000 1.000000
0.961646 -0.126688 -0.243285 -0.000000 0.077058 0.976006 -0.203653 9.226300 0.263248 0.177095 0.948334 1.577100 0.000000 0.000000 0.000000 1.000000
0.965421 -0.151576 -0.212101 0.000000 0.110399 0.974751 -0.194092 9.226300 0.236165 0.163965 0.957780 1.577100 0.000000 0.000000 0.000000 1.000000
0.974752 -0.128653 -0.182503 -0.000000 0.096802 0.980008 -0.173819 9.226300 0.201217 0.151764 0.967719 1.577100 0.000000 0.000000 0.000000 1.000000
0.982506 -0.102667 -0.155372 -0.000000 0.072932 0.979794 -0.186238 9.226300 0.171354 0.171649 0.970142 1.577100 0.000000 0.000000 0.000000 1.000000
0.987554 -0.092647 -0.127093 0.000000 0.063944 0.974799 -0.213726 9.226300 0.143692 0.202939 0.968591 1.577100 0.000000 0.000000 0.000000 1.000000
0.990609 -0.098912 -0.094398 0.000000 0.075613 0.971534 -0.224507 9.226300 0.113917 0.215261 0.969889 1.577100 0.000000 0.000000 0.000000 1.000000
0.992186 -0.121222 -0.029534 0.000000 0.111072 0.965998 -0.233475 9.226300 0.056832 0.228371 0.971914 1.577100 0.000000 0.000000 0.000000 1.000000
0.987445 -0.142970 0.067176 0.000000 0.155113 0.958016 -0.241134 9.226300 -0.029880 0.248526 0.968164 1.577100 0.000000 0.000000 0.000000 1.000000
0.984616 -0.100923 0.142638 0.000000 0.132994 0.962326 -0.237151 9.226300 -0.113330 0.252473 0.960944 1.577100 0.000000 0.000000 0.000000 1.000000
0.978525 -0.016719 0.205450 -0.000000 0.069531 0.965061 -0.252631 9.226300 -0.194049 0.261490 0.945499 1.577100 0.000000 0.000000 0.000000 1.000000</float_array><technique_common><accessor source="#Spine-Matrix-animation-output-transform-array" count="23" stride="16"><param type="float4x4"/></accessor></technique_common></source><source id="Spine-Interpolations"><Name_array id="Spine-Interpolations-array" count="23">
 LINEAR LINEAR LINEAR LINEAR LINEAR LINEAR LINEAR LINEAR LINEAR LINEAR LINEAR
LINEAR LINEAR LINEAR LINEAR LINEAR LINEAR LINEAR LINEAR LINEAR LINEAR LINEAR LINEAR</Name_array><technique_common><accessor source="#Spine-Interpolations-array" count="23"><param type="name"/></accessor></technique_common></source><sampler id="Spine-Matrix-animation-transform"><input semantic="INPUT" source="#Spine-Matrix-animation-input"/><input semantic="OUTPUT" source="#Spine-Matrix-animation-output-transform"/><input semantic="INTERPOLATION" source="#Spine-Interpolations"/></sampler><channel source="#Spine-Matrix-animation-transform" target="Spine/matrix"/></animation>
    <animation id="Spine1-anim" name="Spine1"><source id="Spine1-Matrix-animation-input"><float_array id="Spine1-Matrix-animation-input-array" count="23">

0.000000 0.033333 0.066667 0.100000 0.133333 0.166667 0.200000 0.233333 0.266667 0.300000 0.333333 0.366667 0.400000 0.433333 0.466667 0.500000
0.533333 0.566667 0.600000 0.633333 0.666667 0.700000 0.733333</float_array><technique_common><accessor source="#Spine1-Matrix-animation-input-array" count="23"><param name="TIME" type="float"/></accessor></technique_common></source><source id="Spine1-Matrix-animation-output-transform"><float_array id="Spine1-Matrix-animation-output-transform-array" count="368">

0.998511 -0.012528 0.053094 0.000000 0.013586 0.999715 -0.019612 16.254000 -0.052833 0.020304 0.998397 -0.165600 0.000000 0.000000 0.000000 1.000000
0.997469 -0.000958 0.071101 0.000000 0.002040 0.999883 -0.015141 16.254000 -0.071079 0.015247 0.997354 -0.165600 0.000000 0.000000 0.000000 1.000000
0.996877 0.011153 0.078175 0.000000 -0.010274 0.999879 -0.011642 16.254000 -0.078296 0.010803 0.996872 -0.165600 0.000000 0.000000 0.000000 1.000000
0.996899 0.020351 0.076014 0.000000 -0.019628 0.999755 -0.010247 16.254000 -0.076204 0.008724 0.997054 -0.165600 0.000000 0.000000 0.000000 1.000000
0.997558 0.020300 0.066824 -0.000000 -0.019732 0.999763 -0.009156 16.254000 -0.066994 0.007815 0.997723 -0.165600 0.000000 0.000000 0.000000 1.000000
0.998395 0.015934 0.054350 0.000000 -0.015236 0.999796 -0.013247 16.254000 -0.054550 0.012398 0.998434 -0.165600 0.000000 0.000000 0.000000 1.000000
0.998781 0.016486 0.046517 -0.000000 -0.015342 0.999574 -0.024843 16.254000 -0.046906 0.024100 0.998609 -0.165600 0.000000 0.000000 0.000000 1.000000
0.998909 0.021257 0.041580 -0.000000 -0.019924 0.999282 -0.032214 16.254000 -0.042235 0.031351 0.998616 -0.165600 0.000000 0.000000 0.000000 1.000000
0.999208 0.026544 0.029660 -0.000000 -0.025561 0.999127 -0.033051 16.254000 -0.030512 0.032267 0.999013 -0.165600 0.000000 0.000000 0.000000 1.000000
0.999539 0.029145 0.008562 0.000000 -0.028864 0.999096 -0.031214 16.254000 -0.009464 0.030953 0.999476 -0.165600 0.000000 0.000000 0.000000 1.000000
0.999595 0.021249 -0.018948 -0.000000 -0.021760 0.999395 -0.027140 16.254000 0.018360 0.027541 0.999452 -0.165600 0.000000 0.000000 0.000000 1.000000
0.998835 0.008626 -0.047472 0.000000 -0.009693 0.999704 -0.022304 16.254000 0.047265 0.022738 0.998624 -0.165600 0.000000 0.000000 0.000000 1.000000
0.997712 -0.000266 -0.067614 0.000000 -0.000779 0.999880 -0.015441 16.254000 0.067610 0.015458 0.997592 -0.165600 0.000000 0.000000 0.000000 1.000000
0.997355 -0.007438 -0.072304 0.000000 0.006504 0.999892 -0.013154 16.254000 0.072394 0.012649 0.997296 -0.165600 0.000000 0.000000 0.000000 1.000000
0.997824 -0.012248 -0.064779 0.000000 0.011190 0.999798 -0.016675 16.254000 0.064970 0.015913 0.997760 -0.165600 0.000000 0.000000 0.000000 1.000000
0.998415 -0.012103 -0.054966 0.000000 0.010971 0.999723 -0.020845 16.254000 0.055203 0.020209 0.998271 -0.165600 0.000000 0.000000 0.000000 1.000000
0.998887 -0.009155 -0.046261 -0.000000 0.008083 0.999696 -0.023305 16.254000 0.046461 0.022905 0.998657 -0.165600 0.000000 0.000000 0.000000 1.000000
0.999251 -0.008047 -0.037856 -0.000000 0.006922 0.999534 -0.029737 16.254000 0.038077 0.029453 0.998841 -0.165600 0.000000 0.000000 0.000000 1.000000
0.999528 -0.010273 -0.028966 0.000000 0.009238 0.999322 -0.035637 16.254000 0.029313 0.035353 0.998945 -0.165600 0.000000 0.000000 0.000000 1.000000
0.999792 -0.015729 -0.012964 0.000000 0.015247 0.999220 -0.036423 16.254000 0.013527 0.036218 0.999252 -0.165600 0.000000 0.000000 0.000000 1.000000
0.999635 -0.025140 0.009847 0.000000 0.025425 0.999226 -0.030026 16.254000 -0.009084 0.030265 0.999501 -0.165600 0.000000 0.000000 0.000000 1.000000
0.999215 -0.024371 0.031217 0.000000 0.025081 0.999431 -0.022554 16.254000 -0.030649 0.023319 0.999258 -0.165600 0.000000 0.000000 0.000000 1.000000
0.998511 -0.012528 0.053094 -0.000000 0.013586 0.999715 -0.019612 16.254000 -0.052833 0.020304 0.998397 -0.165600 0.000000 0.000000 0.000000 1.000000</float_array><technique_common><accessor source="#Spine1-Matrix-animation-output-transform-array" count="23" stride="16"><param type="float4x4"/></accessor></technique_common></source><source id="Spine1-Interpolations"><Name_array id="Spine1-Interpolations-array" count="23">
 LINEAR LINEAR LINEAR LINEAR LINEAR LINEAR LINEAR LINEAR LINEAR LINEAR LINEAR
LINEAR LINEAR LINEAR LINEAR LINEAR LINEAR LINEAR LINEAR LINEAR LINEAR LINEAR LINEAR</Name_array><technique_common><accessor source="#Spine1-Interpolations-array" count="23"><param type="name"/></accessor></technique_common></source><sampler id="Spine1-Matrix-animation-transform"><input semantic="INPUT" source="#Spine1-Matrix-animation-input"/><input semantic="OUTPUT" source="#Spine1-Matrix-animation-output-transform"/><input semantic="INTERPOLATION" source="#Spine1-Interpolations"/></sampler><channel source="#Spine1-Matrix-animation-transform" target="Spine1/matrix"/></animation>
    <animation id="Spine2-anim" name="Spine2"><source id="Spine2-Matrix-animation-input"><float_array id="Spine2-Matrix-animation-input-array" count="23">

0.000000 0.033333 0.066667 0.100000 0.133333 0.166667 0.200000 0.233333 0.266667 0.300000 0.333333 0.366667 0.400000 0.433333 0.466667 0.500000
0.533333 0.566667 0.600000 0.633333 0.666667 0.700000 0.733333</float_array><technique_common><accessor source="#Spine2-Matrix-animation-input-array" count="23"><param name="TIME" type="float"/></accessor></technique_common></source><source id="Spine2-Matrix-animation-output-transform"><float_array id="Spine2-Matrix-animation-output-transform-array" count="368">

0.998552 -0.012171 0.052396 -0.000000 0.013247 0.999707 -0.020235 13.639600 -0.052134 0.020900 0.998421 -1.292300 0.000000 0.000000 0.000000 1.000000
0.997496 -0.000632 0.070724 -0.000000 0.001736 0.999877 -0.015556 13.639600 -0.070705 0.015640 0.997375 -1.292300 0.000000 0.000000 0.000000 1.000000
0.996874 0.011330 0.078194 0.000000 -0.010455 0.999878 -0.011587 13.639600 -0.078315 0.010733 0.996871 -1.292300 0.000000 0.000000 0.000000 1.000000
0.996878 0.020590 0.076221 -0.000000 -0.019901 0.999754 -0.009794 13.639600 -0.076404 0.008247 0.997043 -1.292300 0.000000 0.000000 0.000000 1.000000
0.997541 0.020529 0.067006 0.000000 -0.019989 0.999762 -0.008712 13.639600 -0.067169 0.007351 0.997715 -1.292300 0.000000 0.000000 0.000000 1.000000
0.998385 0.016314 0.054410 0.000000 -0.015629 0.999793 -0.013004 13.639600 -0.054611 0.012133 0.998434 -1.292300 0.000000 0.000000 0.000000 1.000000
0.998775 0.017190 0.046397 0.000000 -0.016059 0.999568 -0.024635 13.639600 -0.046801 0.023860 0.998619 -1.292300 0.000000 0.000000 0.000000 1.000000
0.998898 0.022117 0.041394 -0.000000 -0.020804 0.999275 -0.031888 13.639600 -0.042069 0.030992 0.998634 -1.292300 0.000000 0.000000 0.000000 1.000000
0.999187 0.027269 0.029701 0.000000 -0.026297 0.999121 -0.032637 13.639600 -0.030565 0.031830 0.999026 -1.292300 0.000000 0.000000 0.000000 1.000000
0.999522 0.029591 0.008996 0.000000 -0.029299 0.999090 -0.031009 13.639600 -0.009905 0.030731 0.999479 -1.292300 0.000000 0.000000 0.000000 1.000000
0.999603 0.021368 -0.018369 0.000000 -0.021867 0.999385 -0.027395 13.639600 0.017773 0.027786 0.999456 -1.292300 0.000000 0.000000 0.000000 1.000000
0.998857 0.008580 -0.047014 0.000000 -0.009659 0.999694 -0.022760 13.639600 0.046805 0.023188 0.998635 -1.292300 0.000000 0.000000 0.000000 1.000000
0.997728 -0.000074 -0.067373 -0.000000 -0.000993 0.999875 -0.015794 13.639600 0.067365 0.015825 0.997603 -1.292300 0.000000 0.000000 0.000000 1.000000
0.997358 -0.007032 -0.072305 0.000000 0.006089 0.999894 -0.013258 13.639600 0.072391 0.012783 0.997294 -1.292300 0.000000 0.000000 0.000000 1.000000
0.997826 -0.012125 -0.064779 -0.000000 0.011070 0.999801 -0.016624 13.639600 0.064968 0.015871 0.997761 -1.292300 0.000000 0.000000 0.000000 1.000000
0.998419 -0.011991 -0.054914 0.000000 0.010862 0.999725 -0.020798 13.639600 0.055148 0.020169 0.998274 -1.292300 0.000000 0.000000 0.000000 1.000000
0.998892 -0.009057 -0.046179 0.000000 0.007987 0.999696 -0.023308 13.639600 0.046376 0.022913 0.998661 -1.292300 0.000000 0.000000 0.000000 1.000000
0.999256 -0.008038 -0.037731 0.000000 0.006917 0.999534 -0.029741 13.639600 0.037952 0.029458 0.998845 -1.292300 0.000000 0.000000 0.000000 1.000000
0.999531 -0.010290 -0.028843 0.000000 0.009261 0.999324 -0.035580 13.639600 0.029190 0.035296 0.998951 -1.292300 0.000000 0.000000 0.000000 1.000000
0.999794 -0.015557 -0.013019 0.000000 0.015075 0.999227 -0.036314 13.639600 0.013574 0.036110 0.999256 -1.292300 0.000000 0.000000 0.000000 1.000000
0.999650 -0.024784 0.009216 0.000000 0.025052 0.999233 -0.030113 13.639600 -0.008463 0.030333 0.999504 -1.292300 0.000000 0.000000 0.000000 1.000000
0.999253 -0.024010 0.030274 0.000000 0.024713 0.999429 -0.023047 13.639600 -0.029703 0.023778 0.999276 -1.292300 0.000000 0.000000 0.000000 1.000000
0.998552 -0.012171 0.052396 -0.000000 0.013247 0.999707 -0.020235 13.639600 -0.052134 0.020900 0.998421 -1.292300 0.000000 0.000000 0.000000 1.000000</float_array><technique_common><accessor source="#Spine2-Matrix-animation-output-transform-array" count="23" stride="16"><param type="float4x4"/></accessor></technique_common></source><source id="Spine2-Interpolations"><Name_array id="Spine2-Interpolations-array" count="23">
 LINEAR LINEAR LINEAR LINEAR LINEAR LINEAR LINEAR LINEAR LINEAR LINEAR LINEAR
LINEAR LINEAR LINEAR LINEAR LINEAR LINEAR LINEAR LINEAR LINEAR LINEAR LINEAR LINEAR</Name_array><technique_common><accessor source="#Spine2-Interpolations-array" count="23"><param type="name"/></accessor></technique_common></source><sampler id="Spine2-Matrix-animation-transform"><input semantic="INPUT" source="#Spine2-Matrix-animation-input"/><input semantic="OUTPUT" source="#Spine2-Matrix-animation-output-transform"/><input semantic="INTERPOLATION" source="#Spine2-Interpolations"/></sampler><channel source="#Spine2-Matrix-animation-transform" target="Spine2/matrix"/></animation>
    <animation id="Neck-anim" name="Neck"><source id="Neck-Matrix-animation-input"><float_array id="Neck-Matrix-animation-input-array" count="23">

0.000000 0.033333 0.066667 0.100000 0.133333 0.166667 0.200000 0.233333 0.266667 0.300000 0.333333 0.366667 0.400000 0.433333 0.466667 0.500000
0.533333 0.566667 0.600000 0.633333 0.666667 0.700000 0.733333</float_array><technique_common><accessor source="#Neck-Matrix-animation-input-array" count="23"><param name="TIME" type="float"/></accessor></technique_common></source><source id="Neck-Matrix-animation-output-transform"><float_array id="Neck-Matrix-animation-output-transform-array" count="368">

0.999269 -0.023759 -0.029938 0.000000 0.027426 0.991304 0.128702 13.877400 0.026620 -0.129429 0.991231 -4.354200 0.000000 0.000000 0.000000 1.000000
0.999040 -0.012634 -0.041946 0.000000 0.018023 0.991257 0.130708 13.877400 0.039928 -0.131338 0.990533 -4.354200 0.000000 0.000000 0.000000 1.000000
0.998719 0.000145 -0.050596 0.000000 0.006505 0.991330 0.131231 13.877400 0.050176 -0.131392 0.990060 -4.354200 0.000000 0.000000 0.000000 1.000000
0.998305 0.003235 -0.058104 0.000000 0.004244 0.991746 0.128144 13.877400 0.058039 -0.128173 0.990052 -4.354200 0.000000 0.000000 0.000000 1.000000
0.998050 -0.001182 -0.062410 0.000000 0.008742 0.992614 0.121000 13.877400 0.061806 -0.121310 0.990689 -4.354200 0.000000 0.000000 0.000000 1.000000
0.998135 -0.004722 -0.060858 0.000000 0.011577 0.993552 0.112787 13.877400 0.059933 -0.113282 0.991754 -4.354200 0.000000 0.000000 0.000000 1.000000
0.998249 -0.007573 -0.058665 -0.000000 0.013775 0.994266 0.106048 13.877400 0.057525 -0.106670 0.992629 -4.354200 0.000000 0.000000 0.000000 1.000000
0.998353 -0.010545 -0.056400 -0.000000 0.016247 0.994691 0.101620 13.877400 0.055029 -0.102369 0.993223 -4.354200 0.000000 0.000000 0.000000 1.000000
0.998631 -0.010247 -0.051299 0.000000 0.015394 0.994770 0.100970 13.877400 0.049996 -0.101622 0.993566 -4.354200 0.000000 0.000000 0.000000 1.000000
0.998916 -0.010372 -0.045371 0.000000 0.015235 0.994014 0.108186 13.877400 0.043977 -0.108760 0.993095 -4.354200 0.000000 0.000000 0.000000 1.000000
0.999195 -0.014150 -0.037543 0.000000 0.018344 0.993329 0.113849 13.877400 0.035681 -0.114446 0.992788 -4.354200 0.000000 0.000000 0.000000 1.000000
0.999481 -0.020155 -0.025135 0.000000 0.022900 0.993199 0.114155 13.877400 0.022664 -0.114672 0.993145 -4.354200 0.000000 0.000000 0.000000 1.000000
0.999496 -0.029082 -0.012704 -0.000000 0.030328 0.993197 0.112423 13.877400 0.009348 -0.112752 0.993579 -4.354200 0.000000 0.000000 0.000000 1.000000
0.999231 -0.038911 -0.004841 0.000000 0.039207 0.993221 0.109432 13.877400 0.000550 -0.109537 0.993983 -4.354200 0.000000 0.000000 0.000000 1.000000
0.999055 -0.043469 -0.000312 0.000000 0.043241 0.993028 0.109665 13.877400 -0.004458 -0.109574 0.993969 -4.354200 0.000000 0.000000 0.000000 1.000000
0.999152 -0.041099 0.002470 0.000000 0.040567 0.992925 0.111597 13.877400 -0.007039 -0.111403 0.993750 -4.354200 0.000000 0.000000 0.000000 1.000000
0.999380 -0.035121 0.002662 0.000000 0.034621 0.993420 0.109169 13.877400 -0.006478 -0.109010 0.994020 -4.354200 0.000000 0.000000 0.000000 1.000000
0.999612 -0.027852 0.000576 0.000000 0.027637 0.994057 0.105291 13.877400 -0.003505 -0.105235 0.994441 -4.354200 0.000000 0.000000 0.000000 1.000000
0.999745 -0.022472 -0.002211 0.000000 0.022580 0.994112 0.105978 13.877400 -0.000183 -0.106001 0.994366 -4.354200 0.000000 0.000000 0.000000 1.000000
0.999701 -0.023177 -0.007778 0.000000 0.023897 0.993559 0.110772 13.877400 0.005160 -0.110924 0.993815 -4.354200 0.000000 0.000000 0.000000 1.000000
0.999650 -0.022961 -0.013111 0.000000 0.024349 0.992728 0.117889 13.877400 0.010309 -0.118167 0.992940 -4.354200 0.000000 0.000000 0.000000 1.000000
0.999549 -0.023574 -0.018614 0.000000 0.025697 0.992005 0.123555 13.877400 0.015552 -0.123978 0.992163 -4.354200 0.000000 0.000000 0.000000 1.000000
0.999269 -0.023759 -0.029938 0.000000 0.027426 0.991304 0.128702 13.877400 0.026620 -0.129429 0.991231 -4.354200 0.000000 0.000000 0.000000 1.000000</float_array><technique_common><accessor source="#Neck-Matrix-animation-output-transform-array" count="23" stride="16"><param type="float4x4"/></accessor></technique_common></source><source id="Neck-Interpolations"><Name_array id="Neck-Interpolations-array" count="23">
 LINEAR LINEAR LINEAR LINEAR LINEAR LINEAR LINEAR LINEAR LINEAR LINEAR LINEAR
LINEAR LINEAR LINEAR LINEAR LINEAR LINEAR LINEAR LINEAR LINEAR LINEAR LINEAR LINEAR</Name_array><technique_common><accessor source="#Neck-Interpolations-array" count="23"><param type="name"/></accessor></technique_common></source><sampler id="Neck-Matrix-animation-transform"><input semantic="INPUT" source="#Neck-Matrix-animation-input"/><input semantic="OUTPUT" source="#Neck-Matrix-animation-output-transform"/><input semantic="INTERPOLATION" source="#Neck-Interpolations"/></sampler><channel source="#Neck-Matrix-animation-transform" target="Neck/matrix"/></animation>
    <animation id="Neck1-anim" name="Neck1"><source id="Neck1-Matrix-animation-input"><float_array id="Neck1-Matrix-animation-input-array" count="23">

0.000000 0.033333 0.066667 0.100000 0.133333 0.166667 0.200000 0.233333 0.266667 0.300000 0.333333 0.366667 0.400000 0.433333 0.466667 0.500000
0.533333 0.566667 0.600000 0.633333 0.666667 0.700000 0.733333</float_array><technique_common><accessor source="#Neck1-Matrix-animation-input-array" count="23"><param name="TIME" type="float"/></accessor></technique_common></source><source id="Neck1-Matrix-animation-output-transform"><float_array id="Neck1-Matrix-animation-output-transform-array" count="368">

1.000000 -0.000000 -0.000000 0.000000 -0.000000 1.000000 -0.000000 4.340000 -0.000000 -0.000000 1.000000 0.926900 0.000000 0.000000 0.000000 1.000000
1.000000 0.000000 0.000000 -0.000000 -0.000000 1.000000 0.000000 4.340000 -0.000000 -0.000000 1.000000 0.926900 0.000000 0.000000 0.000000 1.000000
1.000000 0.000000 0.000000 -0.000000 0.000000 1.000000 -0.000000 4.340000 -0.000000 0.000000 1.000000 0.926900 0.000000 0.000000 0.000000 1.000000
1.000000 -0.000000 -0.000000 0.000000 0.000000 1.000000 -0.000000 4.340000 0.000000 0.000000 1.000000 0.926900 0.000000 0.000000 0.000000 1.000000
1.000000 0.000000 -0.000000 -0.000000 0.000000 1.000000 0.000000 4.340000 -0.000000 0.000000 1.000000 0.926900 0.000000 0.000000 0.000000 1.000000
1.000000 0.000000 -0.000000 0.000000 0.000000 1.000000 -0.000000 4.340000 -0.000000 -0.000000 1.000000 0.926900 0.000000 0.000000 0.000000 1.000000
1.000000 0.000000 0.000000 0.000000 -0.000000 1.000000 0.000000 4.340000 0.000000 -0.000000 1.000000 0.926900 0.000000 0.000000 0.000000 1.000000
1.000000 0.000000 0.000000 0.000000 0.000000 1.000000 0.000000 4.340000 0.000000 0.000000 1.000000 0.926900 0.000000 0.000000 0.000000 1.000000
1.000000 0.000000 -0.000000 0.000000 -0.000000 1.000000 0.000000 4.340000 0.000000 0.000000 1.000000 0.926900 0.000000 0.000000 0.000000 1.000000
1.000000 0.000000 0.000000 0.000000 -0.000000 1.000000 0.000000 4.340000 -0.000000 0.000000 1.000000 0.926900 0.000000 0.000000 0.000000 1.000000
1.000000 -0.000000 0.000000 0.000000 0.000000 1.000000 -0.000000 4.340000 -0.000000 0.000000 1.000000 0.926900 0.000000 0.000000 0.000000 1.000000
1.000000 -0.000000 -0.000000 -0.000000 0.000000 1.000000 -0.000000 4.340000 0.000000 -0.000000 1.000000 0.926900 0.000000 0.000000 0.000000 1.000000
1.000000 0.000000 -0.000000 0.000000 0.000000 1.000000 0.000000 4.340000 -0.000000 -0.000000 1.000000 0.926900 0.000000 0.000000 0.000000 1.000000
1.000000 -0.000000 -0.000000 -0.000000 0.000000 1.000000 0.000000 4.340000 0.000000 0.000000 1.000000 0.926900 0.000000 0.000000 0.000000 1.000000
1.000000 0.000000 -0.000000 0.000000 0.000000 1.000000 0.000000 4.340000 -0.000000 0.000000 1.000000 0.926900 0.000000 0.000000 0.000000 1.000000
1.000000 0.000000 0.000000 0.000000 -0.000000 1.000000 -0.000000 4.340000 -0.000000 -0.000000 1.000000 0.926900 0.000000 0.000000 0.000000 1.000000
1.000000 0.000000 -0.000000 0.000000 0.000000 1.000000 0.000000 4.340000 0.000000 0.000000 1.000000 0.926900 0.000000 0.000000 0.000000 1.000000
1.000000 0.000000 -0.000000 0.000000 -0.000000 1.000000 -0.000000 4.340000 -0.000000 0.000000 1.000000 0.926900 0.000000 0.000000 0.000000 1.000000
1.000000 0.000000 0.000000 0.000000 -0.000000 1.000000 0.000000 4.340000 0.000000 -0.000000 1.000000 0.926900 0.000000 0.000000 0.000000 1.000000
1.000000 0.000000 0.000000 0.000000 0.000000 1.000000 -0.000000 4.340000 -0.000000 0.000000 1.000000 0.926900 0.000000 0.000000 0.000000 1.000000
1.000000 0.000000 0.000000 0.000000 -0.000000 1.000000 -0.000000 4.340000 -0.000000 0.000000 1.000000 0.926900 0.000000 0.000000 0.000000 1.000000
1.000000 0.000000 0.000000 0.000000 0.000000 1.000000 0.000000 4.340000 0.000000 -0.000000 1.000000 0.926900 0.000000 0.000000 0.000000 1.000000
1.000000 0.000000 0.000000 0.000000 -0.000000 1.000000 0.000000 4.340000 -0.000000 0.000000 1.000000 0.926900 0.000000 0.000000 0.000000 1.000000</float_array><technique_common><accessor source="#Neck1-Matrix-animation-output-transform-array" count="23" stride="16"><param type="float4x4"/></accessor></technique_common></source><source id="Neck1-Interpolations"><Name_array id="Neck1-Interpolations-array" count="23">
 LINEAR LINEAR LINEAR LINEAR LINEAR LINEAR LINEAR LINEAR LINEAR LINEAR LINEAR
LINEAR LINEAR LINEAR LINEAR LINEAR LINEAR LINEAR LINEAR LINEAR LINEAR LINEAR LINEAR</Name_array><technique_common><accessor source="#Neck1-Interpolations-array" count="23"><param type="name"/></accessor></technique_common></source><sampler id="Neck1-Matrix-animation-transform"><input semantic="INPUT" source="#Neck1-Matrix-animation-input"/><input semantic="OUTPUT" source="#Neck1-Matrix-animation-output-transform"/><input semantic="INTERPOLATION" source="#Neck1-Interpolations"/></sampler><channel source="#Neck1-Matrix-animation-transform" target="Neck1/matrix"/></animation>
    <animation id="Head-anim" name="Head"><source id="Head-Matrix-animation-input"><float_array id="Head-Matrix-animation-input-array" count="23">

0.000000 0.033333 0.066667 0.100000 0.133333 0.166667 0.200000 0.233333 0.266667 0.300000 0.333333 0.366667 0.400000 0.433333 0.466667 0.500000
0.533333 0.566667 0.600000 0.633333 0.666667 0.700000 0.733333</float_array><technique_common><accessor source="#Head-Matrix-animation-input-array" count="23"><param name="TIME" type="float"/></accessor></technique_common></source><source id="Head-Matrix-animation-output-transform"><float_array id="Head-Matrix-animation-output-transform-array" count="368">

0.994802 0.066506 0.077111 0.000000 -0.092577 0.906072 0.412871 4.026600 -0.042410 -0.417863 0.907520 0.858500 0.000000 0.000000 0.000000 1.000000
0.995382 0.070684 -0.064946 0.000000 -0.039014 0.916087 0.399077 4.026600 0.087704 -0.394700 0.914615 0.858500 0.000000 0.000000 0.000000 1.000000
0.977397 0.059346 -0.202914 -0.000000 0.015262 0.937482 0.347699 4.026600 0.210863 -0.342937 0.915386 0.858500 0.000000 0.000000 0.000000 1.000000
0.954009 0.036982 -0.297488 0.000000 0.063580 0.944824 0.321349 4.026600 0.292958 -0.325484 0.899020 0.858500 0.000000 0.000000 0.000000 1.000000
0.941868 0.013634 -0.335706 0.000000 0.096050 0.946550 0.307925 4.026600 0.321961 -0.322270 0.890215 0.858500 0.000000 0.000000 0.000000 1.000000
0.943265 -0.013792 -0.331754 0.000000 0.121259 0.944436 0.305510 4.026600 0.309107 -0.328405 0.892526 0.858500 0.000000 0.000000 0.000000 1.000000
0.944835 -0.037078 -0.325442 0.000000 0.150832 0.931210 0.331808 4.026600 0.290752 -0.362591 0.885433 0.858500 0.000000 0.000000 0.000000 1.000000
0.946843 -0.068420 -0.314336 0.000000 0.183633 0.917237 0.353491 4.026600 0.264135 -0.392423 0.881043 0.858500 0.000000 0.000000 0.000000 1.000000
0.950053 -0.109657 -0.292190 0.000000 0.217617 0.903851 0.368370 4.026600 0.223701 -0.413556 0.882570 0.858500 0.000000 0.000000 0.000000 1.000000
0.951723 -0.144835 -0.270640 -0.000000 0.244572 0.890591 0.383447 4.026600 0.185493 -0.431127 0.883019 0.858500 0.000000 0.000000 0.000000 1.000000
0.961964 -0.160690 -0.220916 -0.000000 0.238721 0.887638 0.393842 4.026600 0.132807 -0.431599 0.892236 0.858500 0.000000 0.000000 0.000000 1.000000
0.977807 -0.173706 -0.117134 -0.000000 0.206883 0.888792 0.408960 4.026600 0.033069 -0.424117 0.905004 0.858500 0.000000 0.000000 0.000000 1.000000
0.983185 -0.181716 0.018069 -0.000000 0.160540 0.907264 0.388716 4.026600 -0.087029 -0.379279 0.921181 0.858500 0.000000 0.000000 0.000000 1.000000
0.974680 -0.169670 0.145640 -0.000000 0.109692 0.930384 0.349790 4.026600 -0.194850 -0.324958 0.925438 0.858500 0.000000 0.000000 0.000000 1.000000
0.960279 -0.155360 0.231791 0.000000 0.068170 0.936116 0.345020 4.026600 -0.270586 -0.315514 0.909524 0.858500 0.000000 0.000000 0.000000 1.000000
0.953238 -0.135550 0.270117 0.000000 0.032304 0.934355 0.354877 4.026600 -0.300489 -0.329556 0.895041 0.858500 0.000000 0.000000 0.000000 1.000000
0.957300 -0.101214 0.270801 0.000000 -0.004165 0.931786 0.362984 4.026600 -0.289068 -0.348613 0.891577 0.858500 0.000000 0.000000 0.000000 1.000000
0.966378 -0.073058 0.246528 0.000000 -0.028567 0.922342 0.385316 4.026600 -0.255533 -0.379403 0.889245 0.858500 0.000000 0.000000 0.000000 1.000000
0.973578 -0.051666 0.222431 -0.000000 -0.043604 0.914083 0.403177 4.026600 -0.224151 -0.402223 0.887678 0.858500 0.000000 0.000000 0.000000 1.000000
0.979008 -0.013757 0.203356 0.000000 -0.073506 0.906746 0.415221 4.026600 -0.190105 -0.421452 0.886701 0.858500 0.000000 0.000000 0.000000 1.000000
0.980287 0.038567 0.193776 0.000000 -0.120082 0.895131 0.429326 4.026600 -0.156898 -0.444132 0.882117 0.858500 0.000000 0.000000 0.000000 1.000000
0.983806 0.063189 0.167726 0.000000 -0.129897 0.896156 0.424300 4.026600 -0.123497 -0.439216 0.889852 0.858500 0.000000 0.000000 0.000000 1.000000
0.994802 0.066506 0.077111 0.000000 -0.092577 0.906072 0.412871 4.026600 -0.042410 -0.417863 0.907520 0.858500 0.000000 0.000000 0.000000 1.000000</float_array><technique_common><accessor source="#Head-Matrix-animation-output-transform-array" count="23" stride="16"><param type="float4x4"/></accessor></technique_common></source><source id="Head-Interpolations"><Name_array id="Head-Interpolations-array" count="23">
 LINEAR LINEAR LINEAR LINEAR LINEAR LINEAR LINEAR LINEAR LINEAR LINEAR LINEAR
LINEAR LINEAR LINEAR LINEAR LINEAR LINEAR LINEAR LINEAR LINEAR LINEAR LINEAR LINEAR</Name_array><technique_common><accessor source="#Head-Interpolations-array" count="23"><param type="name"/></accessor></technique_common></source><sampler id="Head-Matrix-animation-transform"><input semantic="INPUT" source="#Head-Matrix-animation-input"/><input semantic="OUTPUT" source="#Head-Matrix-animation-output-transform"/><input semantic="INTERPOLATION" source="#Head-Interpolations"/></sampler><channel source="#Head-Matrix-animation-transform" target="Head/matrix"/></animation>
    <animation id="Jaw-anim" name="Jaw"><source id="Jaw-Matrix-animation-input"><float_array id="Jaw-Matrix-animation-input-array" count="23">

0.000000 0.033333 0.066667 0.100000 0.133333 0.166667 0.200000 0.233333 0.266667 0.300000 0.333333 0.366667 0.400000 0.433333 0.466667 0.500000
0.533333 0.566667 0.600000 0.633333 0.666667 0.700000 0.733333</float_array><technique_common><accessor source="#Jaw-Matrix-animation-input-array" count="23"><param name="TIME" type="float"/></accessor></technique_common></source><source id="Jaw-Matrix-animation-output-transform"><float_array id="Jaw-Matrix-animation-output-transform-array" count="368">

1.000000 0.000000 0.000000 0.003800 0.000000 1.000000 -0.000000 6.235000 -0.000000 0.000000 1.000000 4.413100 0.000000 0.000000 0.000000 1.000000
1.000000 0.000000 0.000000 0.003800 0.000000 1.000000 -0.000000 6.235000 0.000000 0.000000 1.000000 4.413100 0.000000 0.000000 0.000000 1.000000
1.000000 -0.000000 0.000000 0.003800 0.000000 1.000000 0.000000 6.235000 0.000000 0.000000 1.000000 4.413100 0.000000 0.000000 0.000000 1.000000
1.000000 -0.000000 0.000000 0.003800 0.000000 1.000000 -0.000000 6.235000 -0.000000 -0.000000 1.000000 4.413100 0.000000 0.000000 0.000000 1.000000
1.000000 -0.000000 0.000000 0.003800 -0.000000 1.000000 0.000000 6.235000 -0.000000 0.000000 1.000000 4.413100 0.000000 0.000000 0.000000 1.000000
1.000000 -0.000000 -0.000000 0.003800 -0.000000 1.000000 0.000000 6.235000 -0.000000 -0.000000 1.000000 4.413100 0.000000 0.000000 0.000000 1.000000
1.000000 -0.000000 0.000000 0.003800 0.000000 1.000000 -0.000000 6.235000 0.000000 0.000000 1.000000 4.413100 0.000000 0.000000 0.000000 1.000000
1.000000 0.000000 0.000000 0.003800 -0.000000 1.000000 0.000000 6.235000 0.000000 0.000000 1.000000 4.413100 0.000000 0.000000 0.000000 1.000000
1.000000 0.000000 0.000000 0.003800 0.000000 1.000000 -0.000000 6.235000 -0.000000 0.000000 1.000000 4.413100 0.000000 0.000000 0.000000 1.000000
1.000000 0.000000 0.000000 0.003800 -0.000000 1.000000 0.000000 6.235000 0.000000 0.000000 1.000000 4.413100 0.000000 0.000000 0.000000 1.000000
1.000000 0.000000 0.000000 0.003800 0.000000 1.000000 -0.000000 6.235000 0.000000 0.000000 1.000000 4.413100 0.000000 0.000000 0.000000 1.000000
1.000000 0.000000 0.000000 0.003800 -0.000000 1.000000 0.000000 6.235000 -0.000000 0.000000 1.000000 4.413100 0.000000 0.000000 0.000000 1.000000
1.000000 0.000000 0.000000 0.003800 -0.000000 1.000000 -0.000000 6.235000 -0.000000 0.000000 1.000000 4.413100 0.000000 0.000000 0.000000 1.000000
1.000000 0.000000 0.000000 0.003800 -0.000000 1.000000 0.000000 6.235000 -0.000000 0.000000 1.000000 4.413100 0.000000 0.000000 0.000000 1.000000
1.000000 0.000000 0.000000 0.003800 -0.000000 1.000000 0.000000 6.235000 0.000000 0.000000 1.000000 4.413100 0.000000 0.000000 0.000000 1.000000
1.000000 0.000000 0.000000 0.003800 0.000000 1.000000 -0.000000 6.235000 0.000000 0.000000 1.000000 4.413100 0.000000 0.000000 0.000000 1.000000
1.000000 -0.000000 -0.000000 0.003800 0.000000 1.000000 -0.000000 6.235000 0.000000 -0.000000 1.000000 4.413100 0.000000 0.000000 0.000000 1.000000
1.000000 -0.000000 0.000000 0.003800 0.000000 1.000000 0.000000 6.235000 0.000000 0.000000 1.000000 4.413100 0.000000 0.000000 0.000000 1.000000
1.000000 0.000000 0.000000 0.003800 0.000000 1.000000 0.000000 6.235000 0.000000 0.000000 1.000000 4.413100 0.000000 0.000000 0.000000 1.000000
1.000000 -0.000000 0.000000 0.003800 -0.000000 1.000000 -0.000000 6.235000 0.000000 -0.000000 1.000000 4.413100 0.000000 0.000000 0.000000 1.000000
1.000000 0.000000 0.000000 0.003800 -0.000000 1.000000 0.000000 6.235000 0.000000 0.000000 1.000000 4.413100 0.000000 0.000000 0.000000 1.000000
1.000000 -0.000000 0.000000 0.003800 0.000000 1.000000 0.000000 6.235000 0.000000 0.000000 1.000000 4.413100 0.000000 0.000000 0.000000 1.000000
1.000000 -0.000000 0.000000 0.003800 0.000000 1.000000 -0.000000 6.235000 0.000000 0.000000 1.000000 4.413100 0.000000 0.000000 0.000000 1.000000</float_array><technique_common><accessor source="#Jaw-Matrix-animation-output-transform-array" count="23" stride="16"><param type="float4x4"/></accessor></technique_common></source><source id="Jaw-Interpolations"><Name_array id="Jaw-Interpolations-array" count="23">
 LINEAR LINEAR LINEAR LINEAR LINEAR LINEAR LINEAR LINEAR LINEAR LINEAR LINEAR
