<?xml version="1.0" encoding="utf-8"?>
<COLLADA xmlns="http://www.collada.org/2005/11/COLLADASchema" version="1.4.1">
  <asset><contributor><author>Mixamo</author><authoring_tool>COLLADA Mixamo exporter</authoring_tool><comments></comments></contributor><created>2018-12-17T22:31:57Z</created><modified>2018-12-17T22:31:57Z</modified><revision></revision><title></title><unit meter="0.010000"/><up_axis>Y_UP</up_axis></asset>
  <library_animations>
    <animation id="Hips-anim" name="Hips"><source id="Hips-Matrix-animation-input"><float_array id="Hips-Matrix-animation-input-array" count="21">

0.000000 0.033333 0.066667 0.100000 0.133333 0.166667 0.200000 0.233333 0.266667 0.300000 0.333333 0.366667 0.400000 0.433333 0.466667 0.500000
0.533333 0.566667 0.600000 0.633333 0.666667</float_array><technique_common><accessor source="#Hips-Matrix-animation-input-array" count="21"><param name="TIME" type="float"/></accessor></technique_common></source><source id="Hips-Matrix-animation-output-transform"><float_array id="Hips-Matrix-animation-output-transform-array" count="336">

0.483737 -0.126761 -0.865985 0.393133 0.094845 0.991221 -0.092112 82.897812 0.870059 -0.037577 0.491513 -4.266023 0.000000 0.000000 0.000000 1.000000
0.503207 -0.109250 -0.857232 1.218007 0.050067 0.993996 -0.097290 83.722008 0.862714 0.006038 0.505656 -4.359473 0.000000 0.000000 0.000000 1.000000
0.503785 -0.083322 -0.859801 1.217458 -0.003167 0.995152 -0.098294 85.942459 0.863823 0.052243 0.501079 -4.146129 0.000000 0.000000 0.000000 1.000000
0.482368 -0.071939 -0.873009 0.812273 -0.035534 0.994195 -0.101559 88.498024 0.875247 0.080010 0.477012 -3.807231 0.000000 0.000000 0.000000 1.000000
0.445858 -0.078984 -0.891612 1.043870 -0.047331 0.992625 -0.111600 90.047394 0.893851 0.091959 0.438832 -3.558896 0.000000 0.000000 0.000000 1.000000
0.405897 -0.093417 -0.909132 1.587451 -0.036270 0.992332 -0.118160 89.955940 0.913199 0.080934 0.399396 -3.559416 0.000000 0.000000 0.000000 1.000000
0.375031 -0.089258 -0.922705 2.121119 -0.024750 0.994035 -0.106218 88.620003 0.926682 0.062672 0.370585 -3.796548 0.000000 0.000000 0.000000 1.000000
0.353716 -0.068195 -0.932863 2.883987 -0.026079 0.996232 -0.082716 86.656898 0.934989 0.053586 0.350605 -4.182225 0.000000 0.000000 0.000000 1.000000
0.332036 -0.051048 -0.941884 3.537467 -0.023384 0.997782 -0.062321 85.022438 0.942977 0.042718 0.330106 -4.656304 0.000000 0.000000 0.000000 1.000000
0.300789 -0.047876 -0.952488 4.168120 -0.010423 0.998514 -0.053481 83.964027 0.953634 0.026014 0.299843 -4.898416 0.000000 0.000000 0.000000 1.000000
0.257850 -0.054035 -0.964673 4.296066 0.012897 0.998538 -0.052484 83.911819 0.966099 0.001092 0.258170 -4.799109 0.000000 0.000000 0.000000 1.000000
0.214084 -0.058403 -0.975068 3.690659 0.038618 0.997937 -0.051294 85.097404 0.976052 -0.026674 0.215898 -4.504139 0.000000 0.000000 0.000000 1.000000
0.187654 -0.055549 -0.980663 2.233621 0.046602 0.997779 -0.047601 86.808266 0.981129 -0.036769 0.189826 -4.149611 0.000000 0.000000 0.000000 1.000000
0.191975 -0.053399 -0.979946 0.405639 0.035273 0.998249 -0.047486 88.416496 0.980766 -0.025449 0.193523 -3.846633 0.000000 0.000000 0.000000 1.000000
0.225086 -0.060100 -0.972484 -0.793996 0.021169 0.998162 -0.056787 89.212273 0.974109 -0.007804 0.225944 -3.713538 0.000000 0.000000 0.000000 1.000000
0.274015 -0.072103 -0.959019 -1.441643 0.015392 0.997387 -0.070590 89.105255 0.961602 0.004581 0.274409 -3.687519 0.000000 0.000000 0.000000 1.000000
0.326904 -0.080426 -0.941629 -2.230152 0.020401 0.996741 -0.078051 88.231071 0.944837 0.006305 0.327479 -3.726625 0.000000 0.000000 0.000000 1.000000
0.374160 -0.090442 -0.922943 -2.116978 0.049953 0.995754 -0.077326 86.606941 0.926018 -0.017172 0.377090 -3.754148 0.000000 0.000000 0.000000 1.000000
0.415241 -0.106909 -0.903408 -1.303894 0.088020 0.993133 -0.077070 84.586571 0.905443 -0.047515 0.421799 -3.787160 0.000000 0.000000 0.000000 1.000000
0.452740 -0.123898 -0.882993 -0.352406 0.108885 0.990569 -0.083164 83.214386 0.884969 -0.058493 0.461961 -3.916521 0.000000 0.000000 0.000000 1.000000
0.483737 -0.126761 -0.865985 0.393131 0.094845 0.991221 -0.092112 82.897835 0.870059 -0.037577 0.491513 -4.266023 0.000000 0.000000 0.000000 1.000000</float_array><technique_common><accessor source="#Hips-Matrix-animation-output-transform-array" count="21" stride="16"><param type="float4x4"/></accessor></technique_common></source><source id="Hips-Interpolations"><Name_array id="Hips-Interpolations-array" count="21">
 LINEAR LINEAR LINEAR LINEAR LINEAR LINEAR LINEAR LINEAR LINEAR LINEAR LINEAR
LINEAR LINEAR LINEAR LINEAR LINEAR LINEAR LINEAR LINEAR LINEAR LINEAR</Name_array><technique_common><accessor source="#Hips-Interpolations-array" count="21"><param type="name"/></accessor></technique_common></source><sampler id="Hips-Matrix-animation-transform"><input semantic="INPUT" source="#Hips-Matrix-animation-input"/><input semantic="OUTPUT" source="#Hips-Matrix-animation-output-transform"/><input semantic="INTERPOLATION" source="#Hips-Interpolations"/></sampler><channel source="#Hips-Matrix-animation-transform" target="Hips/matrix"/></animation>
    <animation id="Spine-anim" name="Spine"><source id="Spine-Matrix-animation-input"><float_array id="Spine-Matrix-animation-input-array" count="21">

0.000000 0.033333 0.066667 0.100000 0.133333 0.166667 0.200000 0.233333 0.266667 0.300000 0.333333 0.366667 0.400000 0.433333 0.466667 0.500000
0.533333 0.566667 0.600000 0.633333 0.666667</float_array><technique_common><accessor source="#Spine-Matrix-animation-input-array" count="21"><param name="TIME" type="float"/></accessor></technique_common></source><source id="Spine-Matrix-animation-output-transform"><float_array id="Spine-Matrix-animation-output-transform-array" count="336">

0.982956 0.152369 0.102865 0.000000 -0.137151 0.980377 -0.141600 9.226300 -0.122421 0.125079 0.984565 1.577100 0.000000 0.000000 0.000000 1.000000
0.993305 0.101443 0.055268 0.000000 -0.093401 0.986768 -0.132536 9.226300 -0.067982 0.126486 0.989636 1.577100 0.000000 0.000000 0.000000 1.000000
0.999068 0.042947 0.004351 -0.000000 -0.042125 0.991998 -0.119021 9.226300 -0.009428 0.118727 0.992882 1.577100 0.000000 0.000000 0.000000 1.000000
0.998922 -0.001019 -0.046416 0.000000 -0.003732 0.994761 -0.102164 9.226300 0.046277 0.102227 0.993684 1.577100 0.000000 0.000000 0.000000 1.000000
0.997768 -0.016366 -0.064743 0.000000 0.010674 0.996124 -0.087306 9.226300 0.065921 0.086420 0.994075 1.577100 0.000000 0.000000 0.000000 1.000000
0.998391 -0.015732 -0.054474 0.000000 0.010989 0.996210 -0.086283 9.226300 0.055624 0.085545 0.994780 1.577100 0.000000 0.000000 0.000000 1.000000
0.999482 -0.018885 -0.026069 0.000000 0.016132 0.994651 -0.102026 9.226300 0.027857 0.101553 0.994440 1.577100 0.000000 0.000000 0.000000 1.000000
0.999210 -0.038108 0.011310 0.000000 0.039234 0.991196 -0.126459 9.226300 -0.006391 0.126803 0.991907 1.577100 0.000000 0.000000 0.000000 1.000000
0.997582 -0.048254 0.050023 0.000000 0.055262 0.987171 -0.149797 9.226300 -0.042153 0.152199 0.987451 1.577100 0.000000 0.000000 0.000000 1.000000
0.995728 -0.036522 0.084807 0.000000 0.050245 0.984880 -0.165790 9.226300 -0.077470 0.169343 0.982508 1.577100 0.000000 0.000000 0.000000 1.000000
0.992927 -0.003476 0.118673 0.000000 0.023690 0.985271 -0.169349 9.226300 -0.116337 0.170963 0.978385 1.577100 0.000000 0.000000 0.000000 1.000000
0.986379 0.037604 0.160131 -0.000000 -0.011891 0.987272 -0.158596 9.226300 -0.164057 0.154532 0.974272 1.577100 0.000000 0.000000 0.000000 1.000000
0.975759 0.063483 0.209439 0.000000 -0.035433 0.990203 -0.135062 9.226300 -0.215961 0.124366 0.968449 1.577100 0.000000 0.000000 0.000000 1.000000
0.965754 0.069359 0.250017 -0.000000 -0.044586 0.993637 -0.103427 9.226300 -0.255599 0.088738 0.962702 1.577100 0.000000 0.000000 0.000000 1.000000
0.960454 0.068745 0.269820 -0.000000 -0.050839 0.996049 -0.072809 9.226300 -0.273760 0.056212 0.960154 1.577100 0.000000 0.000000 0.000000 1.000000
0.960299 0.074534 0.268831 0.000000 -0.062001 0.996569 -0.054824 9.226300 -0.271995 0.035980 0.961626 1.577100 0.000000 0.000000 0.000000 1.000000
0.964072 0.090955 0.249585 0.000000 -0.078944 0.995205 -0.057742 9.226300 -0.253640 0.035964 0.966630 1.577100 0.000000 0.000000 0.000000 1.000000
0.967249 0.127864 0.219270 -0.000000 -0.111864 0.990171 -0.083946 9.226300 -0.227849 0.056669 0.972046 1.577100 0.000000 0.000000 0.000000 1.000000
0.968554 0.167060 0.184373 -0.000000 -0.146699 0.981982 -0.119127 9.226300 -0.200953 0.088333 0.975610 1.577100 0.000000 0.000000 0.000000 1.000000
0.971165 0.187931 0.146699 -0.000000 -0.167064 0.975431 -0.143612 9.226300 -0.170084 0.114963 0.978701 1.577100 0.000000 0.000000 0.000000 1.000000
0.982956 0.152369 0.102864 0.000000 -0.137151 0.980377 -0.141600 9.226300 -0.122421 0.125079 0.984565 1.577100 0.000000 0.000000 0.000000 1.000000</float_array><technique_common><accessor source="#Spine-Matrix-animation-output-transform-array" count="21" stride="16"><param type="float4x4"/></accessor></technique_common></source><source id="Spine-Interpolations"><Name_array id="Spine-Interpolations-array" count="21">
 LINEAR LINEAR LINEAR LINEAR LINEAR LINEAR LINEAR LINEAR LINEAR LINEAR LINEAR
LINEAR LINEAR LINEAR LINEAR LINEAR LINEAR LINEAR LINEAR LINEAR LINEAR</Name_array><technique_common><accessor source="#Spine-Interpolations-array" count="21"><param type="name"/></accessor></technique_common></source><sampler id="Spine-Matrix-animation-transform"><input semantic="INPUT" source="#Spine-Matrix-animation-input"/><input semantic="OUTPUT" source="#Spine-Matrix-animation-output-transform"/><input semantic="INTERPOLATION" source="#Spine-Interpolations"/></sampler><channel source="#Spine-Matrix-animation-transform" target="Spine/matrix"/></animation>
    <animation id="Spine1-anim" name="Spine1"><source id="Spine1-Matrix-animation-input"><float_array id="Spine1-Matrix-animation-input-array" count="21">

0.000000 0.033333 0.066667 0.100000 0.133333 0.166667 0.200000 0.233333 0.266667 0.300000 0.333333 0.366667 0.400000 0.433333 0.466667 0.500000
0.533333 0.566667 0.600000 0.633333 0.666667</float_array><technique_common><accessor source="#Spine1-Matrix-animation-input-array" count="21"><param name="TIME" type="float"/></accessor></technique_common></source><source id="Spine1-Matrix-animation-output-transform"><float_array id="Spine1-Matrix-animation-output-transform-array" count="336">

0.999152 0.025406 0.032386 -0.000000 -0.024078 0.998879 -0.040758 16.254000 -0.033385 0.039944 0.998644 -0.165600 0.000000 0.000000 0.000000 1.000000
0.999727 0.013921 0.018751 0.000000 -0.013155 0.999098 -0.040369 16.254000 -0.019296 0.040112 0.999009 -0.165600 0.000000 0.000000 0.000000 1.000000
0.999993 0.001690 0.003452 0.000000 -0.001558 0.999275 -0.038032 16.254000 -0.003514 0.038026 0.999271 -0.165600 0.000000 0.000000 0.000000 1.000000
0.999906 -0.006843 -0.011877 -0.000000 0.006447 0.999431 -0.033096 16.254000 0.012097 0.033016 0.999382 -0.165600 0.000000 0.000000 0.000000 1.000000
0.999826 -0.006235 -0.017588 -0.000000 0.005761 0.999623 -0.026850 16.254000 0.017748 0.026744 0.999485 -0.165600 0.000000 0.000000 0.000000 1.000000
0.999896 -0.002155 -0.014227 0.000000 0.001804 0.999695 -0.024622 16.254000 0.014276 0.024594 0.999596 -0.165600 0.000000 0.000000 0.000000 1.000000
0.999983 -0.000598 -0.005803 0.000000 0.000432 0.999593 -0.028537 16.254000 0.005818 0.028534 0.999576 -0.165600 0.000000 0.000000 0.000000 1.000000
0.999984 -0.003552 0.004458 0.000000 0.003713 0.999321 -0.036660 16.254000 -0.004324 0.036676 0.999318 -0.165600 0.000000 0.000000 0.000000 1.000000
0.999866 -0.007101 0.014730 0.000000 0.007764 0.998938 -0.045409 16.254000 -0.014392 0.045517 0.998860 -0.165600 0.000000 0.000000 0.000000 1.000000
0.999700 -0.005726 0.023831 0.000000 0.006945 0.998654 -0.051402 16.254000 -0.023505 0.051552 0.998394 -0.165600 0.000000 0.000000 0.000000 1.000000
0.999456 0.000876 0.032972 -0.000000 0.000852 0.998627 -0.052385 16.254000 -0.032972 0.052385 0.998083 -0.165600 0.000000 0.000000 0.000000 1.000000
0.998950 0.008163 0.045090 -0.000000 -0.006010 0.998845 -0.047672 16.254000 -0.045427 0.047351 0.997845 -0.165600 0.000000 0.000000 0.000000 1.000000
0.998149 0.012637 0.059488 0.000000 -0.010384 0.999222 -0.038041 16.254000 -0.059922 0.037353 0.997504 -0.165600 0.000000 0.000000 0.000000 1.000000
0.997382 0.013274 0.071086 0.000000 -0.011484 0.999608 -0.025533 16.254000 -0.071397 0.024649 0.997143 -0.165600 0.000000 0.000000 0.000000 1.000000
0.997022 0.011397 0.076274 0.000000 -0.010385 0.999853 -0.013639 16.254000 -0.076418 0.012807 0.996994 -0.165600 0.000000 0.000000 0.000000 1.000000
0.997106 0.011317 0.075176 -0.000000 -0.010831 0.999918 -0.006874 16.254000 -0.075247 0.006040 0.997147 -0.165600 0.000000 0.000000 0.000000 1.000000
0.997457 0.016004 0.069451 0.000000 -0.015469 0.999847 -0.008226 16.254000 -0.069572 0.007131 0.997551 -0.165600 0.000000 0.000000 0.000000 1.000000
0.997837 0.023451 0.061408 0.000000 -0.022439 0.999602 -0.017126 16.254000 -0.061785 0.015711 0.997966 -0.165600 0.000000 0.000000 0.000000 1.000000
0.998137 0.030276 0.052967 0.000000 -0.028743 0.999152 -0.029469 16.254000 -0.053814 0.027892 0.998161 -0.165600 0.000000 0.000000 0.000000 1.000000
0.998431 0.034227 0.044310 -0.000000 -0.032512 0.998715 -0.038867 16.254000 -0.045584 0.037365 0.998261 -0.165600 0.000000 0.000000 0.000000 1.000000
0.999152 0.025406 0.032386 0.000000 -0.024078 0.998879 -0.040758 16.254000 -0.033385 0.039944 0.998644 -0.165600 0.000000 0.000000 0.000000 1.000000</float_array><technique_common><accessor source="#Spine1-Matrix-animation-output-transform-array" count="21" stride="16"><param type="float4x4"/></accessor></technique_common></source><source id="Spine1-Interpolations"><Name_array id="Spine1-Interpolations-array" count="21">
 LINEAR LINEAR LINEAR LINEAR LINEAR LINEAR LINEAR LINEAR LINEAR LINEAR LINEAR
LINEAR LINEAR LINEAR LINEAR LINEAR LINEAR LINEAR LINEAR LINEAR LINEAR</Name_array><technique_common><accessor source="#Spine1-Interpolations-array" count="21"><param type="name"/></accessor></technique_common></source><sampler id="Spine1-Matrix-animation-transform"><input semantic="INPUT" source="#Spine1-Matrix-animation-input"/><input semantic="OUTPUT" source="#Spine1-Matrix-animation-output-transform"/><input semantic="INTERPOLATION" source="#Spine1-Interpolations"/></sampler><channel source="#Spine1-Matrix-animation-transform" target="Spine1/matrix"/></animation>
    <animation id="Spine2-anim" name="Spine2"><source id="Spine2-Matrix-animation-input"><float_array id="Spine2-Matrix-animation-input-array" count="21">

0.000000 0.033333 0.066667 0.100000 0.133333 0.166667 0.200000 0.233333 0.266667 0.300000 0.333333 0.366667 0.400000 0.433333 0.466667 0.500000
0.533333 0.566667 0.600000 0.633333 0.666667</float_array><technique_common><accessor source="#Spine2-Matrix-animation-input-array" count="21"><param name="TIME" type="float"/></accessor></technique_common></source><source id="Spine2-Matrix-animation-output-transform"><float_array id="Spine2-Matrix-animation-output-transform-array" count="336">

0.999135 0.025178 0.033102 -0.000000 -0.023836 0.998902 -0.040343 13.639600 -0.034081 0.039519 0.998637 -1.292300 0.000000 0.000000 0.000000 1.000000
0.999718 0.013765 0.019362 0.000000 -0.012980 0.999110 -0.040134 13.639600 -0.019898 0.039871 0.999007 -1.292300 0.000000 0.000000 0.000000 1.000000
0.999991 0.001652 0.003916 -0.000000 -0.001502 0.999277 -0.037984 13.639600 -0.003976 0.037978 0.999271 -1.292300 0.000000 0.000000 0.000000 1.000000
0.999910 -0.006761 -0.011570 0.000000 0.006373 0.999428 -0.033210 13.639600 0.011788 0.033134 0.999381 -1.292300 0.000000 0.000000 0.000000 1.000000
0.999830 -0.006140 -0.017373 0.000000 0.005670 0.999619 -0.027010 13.639600 0.017532 0.026907 0.999484 -1.292300 0.000000 0.000000 0.000000 1.000000
0.999899 -0.002108 -0.014040 0.000000 0.001760 0.999692 -0.024740 13.639600 0.014088 0.024713 0.999595 -1.292300 0.000000 0.000000 0.000000 1.000000
0.999984 -0.000591 -0.005591 -0.000000 0.000431 0.999591 -0.028579 13.639600 0.005605 0.028576 0.999576 -1.292300 0.000000 0.000000 0.000000 1.000000
0.999982 -0.003579 0.004758 0.000000 0.003751 0.999323 -0.036609 13.639600 -0.004624 0.036626 0.999318 -1.292300 0.000000 0.000000 0.000000 1.000000
0.999859 -0.007194 0.015180 0.000000 0.007874 0.998945 -0.045243 13.639600 -0.014838 0.045356 0.998861 -1.292300 0.000000 0.000000 0.000000 1.000000
0.999684 -0.005923 0.024446 0.000000 0.007167 0.998667 -0.051111 13.639600 -0.024110 0.051270 0.998394 -1.292300 0.000000 0.000000 0.000000 1.000000
0.999432 0.000562 0.033704 0.000000 0.001190 0.998649 -0.051943 13.639600 -0.033688 0.051954 0.998081 -1.292300 0.000000 0.000000 0.000000 1.000000
0.998918 0.007803 0.045836 -0.000000 -0.005645 0.998878 -0.047027 13.639600 -0.046152 0.046717 0.997841 -1.292300 0.000000 0.000000 0.000000 1.000000
0.998115 0.012445 0.060093 0.000000 -0.010220 0.999256 -0.037193 13.639600 -0.060511 0.036508 0.997500 -1.292300 0.000000 0.000000 0.000000 1.000000
0.997354 0.013476 0.071442 0.000000 -0.011749 0.999630 -0.024551 13.639600 -0.071746 0.023647 0.997143 -1.292300 0.000000 0.000000 0.000000 1.000000
0.997005 0.012012 0.076402 -0.000000 -0.011081 0.999859 -0.012597 13.639600 -0.076543 0.011712 0.996998 -1.292300 0.000000 0.000000 0.000000 1.000000
0.997096 0.012132 0.075182 0.000000 -0.011724 0.999914 -0.005863 13.639600 -0.075247 0.004964 0.997153 -1.292300 0.000000 0.000000 0.000000 1.000000
0.997444 0.016729 0.069465 0.000000 -0.016257 0.999841 -0.007354 13.639600 -0.069577 0.006206 0.997557 -1.292300 0.000000 0.000000 0.000000 1.000000
0.997815 0.023862 0.061604 0.000000 -0.022892 0.999603 -0.016396 13.639600 -0.061971 0.014950 0.997966 -1.292300 0.000000 0.000000 0.000000 1.000000
0.998109 0.030298 0.053477 -0.000000 -0.028787 0.999170 -0.028810 13.639600 -0.054305 0.027216 0.998153 -1.292300 0.000000 0.000000 0.000000 1.000000
0.998406 0.033993 0.045061 0.000000 -0.032276 0.998745 -0.038288 13.639600 -0.046306 0.036773 0.998250 -1.292300 0.000000 0.000000 0.000000 1.000000
0.999135 0.025178 0.033102 0.000000 -0.023836 0.998902 -0.040343 13.639600 -0.034081 0.039519 0.998637 -1.292300 0.000000 0.000000 0.000000 1.000000</float_array><technique_common><accessor source="#Spine2-Matrix-animation-output-transform-array" count="21" stride="16"><param type="float4x4"/></accessor></technique_common></source><source id="Spine2-Interpolations"><Name_array id="Spine2-Interpolations-array" count="21">
 LINEAR LINEAR LINEAR LINEAR LINEAR LINEAR LINEAR LINEAR LINEAR LINEAR LINEAR
LINEAR LINEAR LINEAR LINEAR LINEAR LINEAR LINEAR LINEAR LINEAR LINEAR</Name_array><technique_common><accessor source="#Spine2-Interpolations-array" count="21"><param type="name"/></accessor></technique_common></source><sampler id="Spine2-Matrix-animation-transform"><input semantic="INPUT" source="#Spine2-Matrix-animation-input"/><input semantic="OUTPUT" source="#Spine2-Matrix-animation-output-transform"/><input semantic="INTERPOLATION" source="#Spine2-Interpolations"/></sampler><channel source="#Spine2-Matrix-animation-transform" target="Spine2/matrix"/></animation>
    <animation id="Neck-anim" name="Neck"><source id="Neck-Matrix-animation-input"><float_array id="Neck-Matrix-animation-input-array" count="21">

0.000000 0.033333 0.066667 0.100000 0.133333 0.166667 0.200000 0.233333 0.266667 0.300000 0.333333 0.366667 0.400000 0.433333 0.466667 0.500000
0.533333 0.566667 0.600000 0.633333 0.666667</float_array><technique_common><accessor source="#Neck-Matrix-animation-input-array" count="21"><param name="TIME" type="float"/></accessor></technique_common></source><source id="Neck-Matrix-animation-output-transform"><float_array id="Neck-Matrix-animation-output-transform-array" count="336">

0.997506 0.042610 0.056274 -0.000000 -0.044622 0.998391 0.034985 13.877400 -0.054693 -0.037409 0.997802 -4.354200 0.000000 0.000000 0.000000 1.000000
0.997587 0.033036 0.061062 -0.000000 -0.034834 0.998983 0.028614 13.877400 -0.060055 -0.030672 0.997724 -4.354200 0.000000 0.000000 0.000000 1.000000
0.997151 0.025239 0.071084 -0.000000 -0.027373 0.999199 0.029204 13.877400 -0.070290 -0.031066 0.997043 -4.354200 0.000000 0.000000 0.000000 1.000000
0.995999 0.021442 0.086754 0.000000 -0.025387 0.998681 0.044624 13.877400 -0.085682 -0.046648 0.995230 -4.354200 0.000000 0.000000 0.000000 1.000000
0.994868 0.021986 0.098768 0.000000 -0.028588 0.997414 0.065943 13.877400 -0.097062 -0.068428 0.992923 -4.354200 0.000000 0.000000 0.000000 1.000000
0.993908 0.030339 0.105959 0.000000 -0.038408 0.996446 0.074961 13.877400 -0.103308 -0.078574 0.991541 -4.354200 0.000000 0.000000 0.000000 1.000000
0.993235 0.041074 0.108612 0.000000 -0.048283 0.996743 0.064590 13.877400 -0.105605 -0.069397 0.991984 -4.354200 0.000000 0.000000 0.000000 1.000000
0.993239 0.044048 0.107406 -0.000000 -0.049081 0.997795 0.044679 13.877400 -0.105201 -0.049648 0.993211 -4.354200 0.000000 0.000000 0.000000 1.000000
0.993816 0.037030 0.104679 0.000000 -0.040433 0.998714 0.030577 13.877400 -0.103412 -0.034620 0.994036 -4.354200 0.000000 0.000000 0.000000 1.000000
0.994214 0.028307 0.103619 0.000000 -0.031216 0.999160 0.026556 13.877400 -0.102781 -0.029637 0.994262 -4.354200 0.000000 0.000000 0.000000 1.000000
0.994186 0.025578 0.104598 -0.000000 -0.028358 0.999281 0.025180 13.877400 -0.103879 -0.027999 0.994196 -4.354200 0.000000 0.000000 0.000000 1.000000
0.994054 0.029358 0.104852 0.000000 -0.031706 0.999281 0.020794 13.877400 -0.104166 -0.023994 0.994270 -4.354200 0.000000 0.000000 0.000000 1.000000
0.994065 0.037185 0.102238 -0.000000 -0.039101 0.999094 0.016802 13.877400 -0.101521 -0.020700 0.994618 -4.354200 0.000000 0.000000 0.000000 1.000000
0.994210 0.046388 0.096929 0.000000 -0.048435 0.998648 0.018873 13.877400 -0.095922 -0.023458 0.995112 -4.354200 0.000000 0.000000 0.000000 1.000000
0.994521 0.053137 0.090028 0.000000 -0.055733 0.998092 0.026569 13.877400 -0.088444 -0.031441 0.995585 -4.354200 0.000000 0.000000 0.000000 1.000000
0.995117 0.054072 0.082572 0.000000 -0.057082 0.997772 0.034528 13.877400 -0.080521 -0.039072 0.995987 -4.354200 0.000000 0.000000 0.000000 1.000000
0.995848 0.050788 0.075548 -0.000000 -0.053881 0.997766 0.039493 13.877400 -0.073374 -0.043400 0.996360 -4.354200 0.000000 0.000000 0.000000 1.000000
0.996352 0.049773 0.069324 0.000000 -0.052823 0.997683 0.042886 13.877400 -0.067029 -0.046392 0.996672 -4.354200 0.000000 0.000000 0.000000 1.000000
0.996603 0.052895 0.063118 0.000000 -0.055819 0.997404 0.045485 13.877400 -0.060548 -0.048854 0.996969 -4.354200 0.000000 0.000000 0.000000 1.000000
0.997054 0.052195 0.056198 0.000000 -0.054727 0.997509 0.044505 13.877400 -0.053735 -0.047450 0.997427 -4.354200 0.000000 0.000000 0.000000 1.000000
0.997506 0.042610 0.056274 0.000000 -0.044622 0.998391 0.034985 13.877400 -0.054693 -0.037409 0.997802 -4.354200 0.000000 0.000000 0.000000 1.000000</float_array><technique_common><accessor source="#Neck-Matrix-animation-output-transform-array" count="21" stride="16"><param type="float4x4"/></accessor></technique_common></source><source id="Neck-Interpolations"><Name_array id="Neck-Interpolations-array" count="21">
 LINEAR LINEAR LINEAR LINEAR LINEAR LINEAR LINEAR LINEAR LINEAR LINEAR LINEAR
LINEAR LINEAR LINEAR LINEAR LINEAR LINEAR LINEAR LINEAR LINEAR LINEAR</Name_array><technique_common><accessor source="#Neck-Interpolations-array" count="21"><param type="name"/></accessor></technique_common></source><sampler id="Neck-Matrix-animation-transform"><input semantic="INPUT" source="#Neck-Matrix-animation-input"/><input semantic="OUTPUT" source="#Neck-Matrix-animation-output-transform"/><input semantic="INTERPOLATION" source="#Neck-Interpolations"/></sampler><channel source="#Neck-Matrix-animation-transform" target="Neck/matrix"/></animation>
    <animation id="Neck1-anim" name="Neck1"><source id="Neck1-Matrix-animation-input"><float_array id="Neck1-Matrix-animation-input-array" count="21">

0.000000 0.033333 0.066667 0.100000 0.133333 0.166667 0.200000 0.233333 0.266667 0.300000 0.333333 0.366667 0.400000 0.433333 0.466667 0.500000
0.533333 0.566667 0.600000 0.633333 0.666667</float_array><technique_common><accessor source="#Neck1-Matrix-animation-input-array" count="21"><param name="TIME" type="float"/></accessor></technique_common></source><source id="Neck1-Matrix-animation-output-transform"><float_array id="Neck1-Matrix-animation-output-transform-array" count="336">

1.000000 0.000000 -0.000000 -0.000000 0.000000 1.000000 -0.000000 4.340000 -0.000000 0.000000 1.000000 0.926900 0.000000 0.000000 0.000000 1.000000
1.000000 0.000000 0.000000 0.000000 0.000000 1.000000 0.000000 4.340000 0.000000 0.000000 1.000000 0.926900 0.000000 0.000000 0.000000 1.000000
1.000000 -0.000000 -0.000000 0.000000 -0.000000 1.000000 0.000000 4.340000 0.000000 0.000000 1.000000 0.926900 0.000000 0.000000 0.000000 1.000000
1.000000 0.000000 0.000000 0.000000 -0.000000 1.000000 -0.000000 4.340000 -0.000000 -0.000000 1.000000 0.926900 0.000000 0.000000 0.000000 1.000000
1.000000 0.000000 -0.000000 0.000000 0.000000 1.000000 -0.000000 4.340000 -0.000000 -0.000000 1.000000 0.926900 0.000000 0.000000 0.000000 1.000000
1.000000 0.000000 0.000000 0.000000 0.000000 1.000000 0.000000 4.340000 -0.000000 0.000000 1.000000 0.926900 0.000000 0.000000 0.000000 1.000000
1.000000 0.000000 0.000000 -0.000000 -0.000000 1.000000 0.000000 4.340000 0.000000 -0.000000 1.000000 0.926900 0.000000 0.000000 0.000000 1.000000
1.000000 0.000000 0.000000 0.000000 -0.000000 1.000000 -0.000000 4.340000 0.000000 -0.000000 1.000000 0.926900 0.000000 0.000000 0.000000 1.000000
1.000000 -0.000000 -0.000000 0.000000 -0.000000 1.000000 0.000000 4.340000 0.000000 -0.000000 1.000000 0.926900 0.000000 0.000000 0.000000 1.000000
1.000000 -0.000000 -0.000000 -0.000000 0.000000 1.000000 0.000000 4.340000 0.000000 0.000000 1.000000 0.926900 0.000000 0.000000 0.000000 1.000000
1.000000 -0.000000 0.000000 0.000000 0.000000 1.000000 -0.000000 4.340000 -0.000000 -0.000000 1.000000 0.926900 0.000000 0.000000 0.000000 1.000000
1.000000 0.000000 0.000000 0.000000 -0.000000 1.000000 0.000000 4.340000 0.000000 -0.000000 1.000000 0.926900 0.000000 0.000000 0.000000 1.000000
1.000000 -0.000000 -0.000000 0.000000 -0.000000 1.000000 0.000000 4.340000 0.000000 -0.000000 1.000000 0.926900 0.000000 0.000000 0.000000 1.000000
1.000000 0.000000 0.000000 0.000000 -0.000000 1.000000 0.000000 4.340000 -0.000000 0.000000 1.000000 0.926900 0.000000 0.000000 0.000000 1.000000
1.000000 0.000000 -0.000000 0.000000 0.000000 1.000000 0.000000 4.340000 0.000000 0.000000 1.000000 0.926900 0.000000 0.000000 0.000000 1.000000
1.000000 0.000000 0.000000 0.000000 -0.000000 1.000000 0.000000 4.340000 -0.000000 -0.000000 1.000000 0.926900 0.000000 0.000000 0.000000 1.000000
1.000000 -0.000000 0.000000 -0.000000 -0.000000 1.000000 0.000000 4.340000 -0.000000 -0.000000 1.000000 0.926900 0.000000 0.000000 0.000000 1.000000
1.000000 0.000000 -0.000000 0.000000 0.000000 1.000000 0.000000 4.340000 0.000000 0.000000 1.000000 0.926900 0.000000 0.000000 0.000000 1.000000
1.000000 0.000000 0.000000 0.000000 -0.000000 1.000000 -0.000000 4.340000 0.000000 -0.000000 1.000000 0.926900 0.000000 0.000000 0.000000 1.000000
1.000000 -0.000000 0.000000 0.000000 -0.000000 1.000000 0.000000 4.340000 -0.000000 -0.000000 1.000000 0.926900 0.000000 0.000000 0.000000 1.000000
1.000000 0.000000 0.000000 -0.000000 0.000000 1.000000 0.000000 4.340000 0.000000 0.000000 1.000000 0.926900 0.000000 0.000000 0.000000 1.000000</float_array><technique_common><accessor source="#Neck1-Matrix-animation-output-transform-array" count="21" stride="16"><param type="float4x4"/></accessor></technique_common></source><source id="Neck1-Interpolations"><Name_array id="Neck1-Interpolations-array" count="21">
 LINEAR LINEAR LINEAR LINEAR LINEAR LINEAR LINEAR LINEAR LINEAR LINEAR LINEAR
LINEAR LINEAR LINEAR LINEAR LINEAR LINEAR LINEAR LINEAR LINEAR LINEAR</Name_array><technique_common><accessor source="#Neck1-Interpolations-array" count="21"><param type="name"/></accessor></technique_common></source><sampler id="Neck1-Matrix-animation-transform"><input semantic="INPUT" source="#Neck1-Matrix-animation-input"/><input semantic="OUTPUT" source="#Neck1-Matrix-animation-output-transform"/><input semantic="INTERPOLATION" source="#Neck1-Interpolations"/></sampler><channel source="#Neck1-Matrix-animation-transform" target="Neck1/matrix"/></animation>
    <animation id="Head-anim" name="Head"><source id="Head-Matrix-animation-input"><float_array id="Head-Matrix-animation-input-array" count="21">

0.000000 0.033333 0.066667 0.100000 0.133333 0.166667 0.200000 0.233333 0.266667 0.300000 0.333333 0.366667 0.400000 0.433333 0.466667 0.500000
0.533333 0.566667 0.600000 0.633333 0.666667</float_array><technique_common><accessor source="#Head-Matrix-animation-input-array" count="21"><param name="TIME" type="float"/></accessor></technique_common></source><source id="Head-Matrix-animation-output-transform"><float_array id="Head-Matrix-animation-output-transform-array" count="336">

0.975001 -0.096828 0.199994 0.000000 0.044444 0.966853 0.251436 4.026600 -0.217711 -0.236262 0.946986 0.858500 0.000000 0.000000 0.000000 1.000000
0.967086 -0.080013 0.241542 -0.000000 0.020506 0.970692 0.239450 4.026600 -0.253622 -0.226615 0.940384 0.858500 0.000000 0.000000 0.000000 1.000000
0.950564 -0.069215 0.302715 0.000000 0.001127 0.975605 0.219531 4.026600 -0.310526 -0.208337 0.927453 0.858500 0.000000 0.000000 0.000000 1.000000
0.922581 -0.065095 0.380273 0.000000 -0.011251 0.980704 0.195173 4.026600 -0.385640 -0.184341 0.904047 0.858500 0.000000 0.000000 0.000000 1.000000
0.899571 -0.064433 0.431997 0.000000 -0.016132 0.983483 0.180280 4.026600 -0.436477 -0.169144 0.883673 0.858500 0.000000 0.000000 0.000000 1.000000
0.889008 -0.063378 0.453484 0.000000 -0.019464 0.984249 0.175714 4.026600 -0.457477 -0.165038 0.873772 0.858500 0.000000 0.000000 0.000000 1.000000
0.888081 -0.058100 0.456000 0.000000 -0.026272 0.983944 0.176532 4.026600 -0.458935 -0.168755 0.872296 0.858500 0.000000 0.000000 0.000000 1.000000
0.890330 -0.053337 0.452180 -0.000000 -0.033850 0.982613 0.182554 4.026600 -0.454055 -0.177839 0.873045 0.858500 0.000000 0.000000 0.000000 1.000000
0.891153 -0.057404 0.450058 0.000000 -0.038468 0.978832 0.201017 4.026600 -0.452070 -0.196450 0.870081 0.858500 0.000000 0.000000 0.000000 1.000000
0.888778 -0.070435 0.452894 0.000000 -0.038011 0.973391 0.225978 4.026600 -0.456759 -0.218059 0.862451 0.858500 0.000000 0.000000 0.000000 1.000000
0.885601 -0.083621 0.456858 -0.000000 -0.031097 0.970776 0.237965 4.026600 -0.463405 -0.224949 0.857119 0.858500 0.000000 0.000000 0.000000 1.000000
0.887478 -0.090935 0.451790 -0.000000 -0.017577 0.972947 0.230359 4.026600 -0.460515 -0.212379 0.861870 0.858500 0.000000 0.000000 0.000000 1.000000
0.897906 -0.094103 0.430011 -0.000000 0.001431 0.977501 0.210927 4.026600 -0.440185 -0.188778 0.877839 0.858500 0.000000 0.000000 0.000000 1.000000
0.914516 -0.095594 0.393092 -0.000000 0.023105 0.982437 0.185159 4.026600 -0.403889 -0.160248 0.900663 0.858500 0.000000 0.000000 0.000000 1.000000
0.931882 -0.094347 0.350277 0.000000 0.040091 0.986457 0.159043 4.026600 -0.360539 -0.134166 0.923044 0.858500 0.000000 0.000000 0.000000 1.000000
0.945683 -0.092859 0.311545 0.000000 0.048796 0.988025 0.146374 4.026600 -0.321407 -0.123221 0.938890 0.858500 0.000000 0.000000 0.000000 1.000000
0.955154 -0.102746 0.277711 0.000000 0.060481 0.985792 0.156702 4.026600 -0.289866 -0.132878 0.947798 0.858500 0.000000 0.000000 0.000000 1.000000
0.962236 -0.126402 0.241092 -0.000000 0.082295 0.979290 0.184980 4.026600 -0.259481 -0.158154 0.952710 0.858500 0.000000 0.000000 0.000000 1.000000
0.969178 -0.139302 0.203198 -0.000000 0.093369 0.970953 0.220300 4.026600 -0.227984 -0.194537 0.954033 0.858500 0.000000 0.000000 0.000000 1.000000
0.976684 -0.118984 0.178694 -0.000000 0.071302 0.964896 0.252768 4.026600 -0.202497 -0.234134 0.950882 0.858500 0.000000 0.000000 0.000000 1.000000
0.975001 -0.096829 0.199994 0.000000 0.044444 0.966853 0.251436 4.026600 -0.217711 -0.236262 0.946986 0.858500 0.000000 0.000000 0.000000 1.000000</float_array><technique_common><accessor source="#Head-Matrix-animation-output-transform-array" count="21" stride="16"><param type="float4x4"/></accessor></technique_common></source><source id="Head-Interpolations"><Name_array id="Head-Interpolations-array" count="21">
 LINEAR LINEAR LINEAR LINEAR LINEAR LINEAR LINEAR LINEAR LINEAR LINEAR LINEAR
LINEAR LINEAR LINEAR LINEAR LINEAR LINEAR LINEAR LINEAR LINEAR LINEAR</Name_array><technique_common><accessor source="#Head-Interpolations-array" count="21"><param type="name"/></accessor></technique_common></source><sampler id="Head-Matrix-animation-transform"><input semantic="INPUT" source="#Head-Matrix-animation-input"/><input semantic="OUTPUT" source="#Head-Matrix-animation-output-transform"/><input semantic="INTERPOLATION" source="#Head-Interpolations"/></sampler><channel source="#Head-Matrix-animation-transform" target="Head/matrix"/></animation>
    <animation id="Jaw-anim" name="Jaw"><source id="Jaw-Matrix-animation-input"><float_array id="Jaw-Matrix-animation-input-array" count="21">

0.000000 0.033333 0.066667 0.100000 0.133333 0.166667 0.200000 0.233333 0.266667 0.300000 0.333333 0.366667 0.400000 0.433333 0.466667 0.500000
0.533333 0.566667 0.600000 0.633333 0.666667</float_array><technique_common><accessor source="#Jaw-Matrix-animation-input-array" count="21"><param name="TIME" type="float"/></accessor></technique_common></source><source id="Jaw-Matrix-animation-output-transform"><float_array id="Jaw-Matrix-animation-output-transform-array" count="336">

1.000000 0.000000 0.000000 0.003800 0.000000 1.000000 0.000000 6.235000 -0.000000 -0.000000 1.000000 4.413100 0.000000 0.000000 0.000000 1.000000
1.000000 -0.000000 -0.000000 0.003800 0.000000 1.000000 0.000000 6.235000 0.000000 0.000000 1.000000 4.413100 0.000000 0.000000 0.000000 1.000000
1.000000 -0.000000 0.000000 0.003800 -0.000000 1.000000 -0.000000 6.235000 0.000000 -0.000000 1.000000 4.413100 0.000000 0.000000 0.000000 1.000000
1.000000 0.000000 0.000000 0.003800 0.000000 1.000000 0.000000 6.235000 0.000000 0.000000 1.000000 4.413100 0.000000 0.000000 0.000000 1.000000
1.000000 0.000000 0.000000 0.003800 -0.000000 1.000000 0.000000 6.235000 -0.000000 0.000000 1.000000 4.413100 0.000000 0.000000 0.000000 1.000000
1.000000 -0.000000 0.000000 0.003800 -0.000000 1.000000 0.000000 6.235000 0.000000 0.000000 1.000000 4.413100 0.000000 0.000000 0.000000 1.000000
1.000000 -0.000000 -0.000000 0.003800 0.000000 1.000000 0.000000 6.235000 0.000000 -0.000000 1.000000 4.413100 0.000000 0.000000 0.000000 1.000000
1.000000 -0.000000 -0.000000 0.003800 0.000000 1.000000 0.000000 6.235000 -0.000000 -0.000000 1.000000 4.413100 0.000000 0.000000 0.000000 1.000000
1.000000 0.000000 0.000000 0.003800 -0.000000 1.000000 0.000000 6.235000 0.000000 0.000000 1.000000 4.413100 0.000000 0.000000 0.000000 1.000000
1.000000 0.000000 -0.000000 0.003800 -0.000000 1.000000 0.000000 6.235000 -0.000000 0.000000 1.000000 4.413100 0.000000 0.000000 0.000000 1.000000
1.000000 -0.000000 -0.000000 0.003800 -0.000000 1.000000 0.000000 6.235000 -0.000000 -0.000000 1.000000 4.413100 0.000000 0.000000 0.000000 1.000000
1.000000 0.000000 -0.000000 0.003800 -0.000000 1.000000 0.000000 6.235000 0.000000 0.000000 1.000000 4.413100 0.000000 0.000000 0.000000 1.000000
1.000000 -0.000000 0.000000 0.003800 0.000000 1.000000 0.000000 6.235000 0.000000 0.000000 1.000000 4.413100 0.000000 0.000000 0.000000 1.000000
1.000000 -0.000000 0.000000 0.003800 0.000000 1.000000 -0.000000 6.235000 -0.000000 0.000000 1.000000 4.413100 0.000000 0.000000 0.000000 1.000000
1.000000 0.000000 0.000000 0.003800 -0.000000 1.000000 -0.000000 6.235000 -0.000000 -0.000000 1.000000 4.413100 0.000000 0.000000 0.000000 1.000000
1.000000 -0.000000 0.000000 0.003800 0.000000 1.000000 0.000000 6.235000 -0.000000 0.000000 1.000000 4.413100 0.000000 0.000000 0.000000 1.000000
1.000000 -0.000000 0.000000 0.003800 0.000000 1.000000 0.000000 6.235000 0.000000 0.000000 1.000000 4.413100 0.000000 0.000000 0.000000 1.000000
1.000000 -0.000000 -0.000000 0.003800 0.000000 1.000000 -0.000000 6.235000 -0.000000 0.000000 1.000000 4.413100 0.000000 0.000000 0.000000 1.000000
1.000000 0.000000 -0.000000 0.003800 -0.000000 1.000000 0.000000 6.235000 -0.000000 0.000000 1.000000 4.413100 0.000000 0.000000 0.000000 1.000000
1.000000 -0.000000 -0.000000 0.003800 -0.000000 1.000000 0.000000 6.235000 0.000000 0.000000 1.000000 4.413100 0.000000 0.000000 0.000000 1.000000
1.000000 -0.000000 -0.000000 0.003800 -0.000000 1.000000 -0.000000 6.235000 -0.000000 -0.000000 1.000000 4.413100 0.000000 0.000000 0.000000 1.000000</float_array><technique_common><accessor source="#Jaw-Matrix-animation-output-transform-array" count="21" stride="16"><param type="float4x4"/></accessor></technique_common></source><source id="Jaw-Interpolations"><Name_array id="Jaw-Interpolations-array" count="21">
 LINEAR LINEAR LINEAR LINEAR LINEAR LINEAR LINEAR LINEAR LINEAR LINEAR LINEAR
LINEAR LINEAR LINEAR LINEAR LINEAR LINEAR LINEAR LINEAR LINEAR LINEAR</Name_array><technique_common><accessor source="#Jaw-Interpolations-array" count="21"><param type="name"/></accessor></technique_common></source><sampler id="Jaw-Matrix-animation-transform"><input semantic="INPUT" source="#Jaw-Matrix-animation-input"/><input semantic="OUTPUT" source="#Jaw-Matrix-animation-output-transform"/><input semantic="INTERPOLATION" source="#Jaw-Interpolations"/></sampler><channel source="#Jaw-Matrix-animation-transform" target="Jaw/matrix"/></animation>
    <animation id="TongueBack-anim" name="TongueBack"><source id="TongueBack-Matrix-animation-input"><float_array id="TongueBack-Matrix-animation-input-array" count="21">

0.000000 0.033333 0.066667 0.100000 0.133333 0.166667 0.200000 0.233333 0.266667 0.300000 0.333333 0.366667 0.400000 0.433333 0.466667 0.500000
0.533333 0.566667 0.600000 0.633333 0.666667</float_array><technique_common><accessor source="#TongueBack-Matrix-animation-input-array" count="21"><param name="TIME" type="float"/></accessor></technique_common></source><source id="TongueBack-Matrix-animation-output-transform"><float_array id="TongueBack-Matrix-animation-output-transform-array" count="336">

1.000000 0.000000 0.000000 0.000000 -0.000000 1.000000 0.000000 -3.351800 -0.000000 0.000000 1.000000 4.646800 0.000000 0.000000 0.000000 1.000000
1.000000 0.000000 -0.000000 0.000000 -0.000000 1.000000 0.000000 -3.351800 0.000000 0.000000 1.000000 4.646800 0.000000 0.000000 0.000000 1.000000
1.000000 -0.000000 -0.000000 0.000000 -0.000000 1.000000 -0.000000 -3.351800 0.000000 0.000000 1.000000 4.646800 0.000000 0.000000 0.000000 1.000000
1.000000 0.000000 0.000000 -0.000000 0.000000 1.000000 -0.000000 -3.351800 0.000000 -0.000000 1.000000 4.646800 0.000000 0.000000 0.000000 1.000000
1.000000 -0.000000 -0.000000 0.000000 0.000000 1.000000 0.000000 -3.351800 -0.000000 0.000000 1.000000 4.646800 0.000000 0.000000 0.000000 1.000000
1.000000 -0.000000 0.000000 0.000000 -0.000000 1.000000 0.000000 -3.351800 0.000000 0.000000 1.000000 4.646800 0.000000 0.000000 0.000000 1.000000
1.000000 0.000000 0.000000 0.000000 0.000000 1.000000 -0.000000 -3.351800 0.000000 -0.000000 1.000000 4.646800 0.000000 0.000000 0.000000 1.000000
1.000000 -0.000000 -0.000000 0.000000 0.000000 1.000000 0.000000 -3.351800 0.000000 -0.000000 1.000000 4.646800 0.000000 0.000000 0.000000 1.000000
1.000000 0.000000 0.000000 -0.000000 -0.000000 1.000000 0.000000 -3.351800 0.000000 0.000000 1.000000 4.646800 0.000000 0.000000 0.000000 1.000000
1.000000 0.000000 -0.000000 -0.000000 -0.000000 1.000000 0.000000 -3.351800 -0.000000 0.000000 1.000000 4.646800 0.000000 0.000000 0.000000 1.000000
