<?xml version="1.0" encoding="utf-8"?>
<COLLADA xmlns="http://www.collada.org/2005/11/COLLADASchema" version="1.4.1">
  <asset><contributor><author>Mixamo</author><authoring_tool>COLLADA Mixamo exporter</authoring_tool><comments></comments></contributor><created>2018-12-17T23:17:59Z</created><modified>2018-12-17T23:17:59Z</modified><revision></revision><title></title><unit meter="0.010000"/><up_axis>Y_UP</up_axis></asset>
  <library_animations>
    <animation id="Hips-anim" name="Hips"><source id="Hips-Matrix-animation-input"><float_array id="Hips-Matrix-animation-input-array" count="41">

0.000000 0.033333 0.066667 0.100000 0.133333 0.166667 0.200000 0.233333 0.266667 0.300000 0.333333 0.366667 0.400000 0.433333 0.466667 0.500000
0.533333 0.566667 0.600000 0.633333 0.666667 0.700000 0.733333 0.766667 0.800000 0.833333 0.866667 0.900000 0.933333 0.966667 1.000000 1.033333
1.066667 1.100000 1.133333 1.166667 1.200000 1.233333 1.266667 1.300000 1.333333</float_array><technique_common><accessor source="#Hips-Matrix-animation-input-array" count="41"><param name="TIME" type="float"/></accessor></technique_common></source><source id="Hips-Matrix-animation-output-transform"><float_array id="Hips-Matrix-animation-output-transform-array" count="656">

0.999442 0.021557 0.025522 -0.950579 -0.022839 0.998435 0.051051 86.062897 -0.024381 -0.051605 0.998370 0.629686 0.000000 0.000000 0.000000 1.000000
0.998257 0.031390 0.049981 -0.449078 -0.033670 0.998399 0.045458 86.353172 -0.048474 -0.047061 0.997715 0.516509 0.000000 0.000000 0.000000 1.000000
0.995926 0.037435 0.082039 0.062665 -0.041033 0.998249 0.042614 86.803223 -0.080300 -0.045807 0.995718 0.369431 0.000000 0.000000 0.000000 1.000000
0.991619 0.041227 0.122444 0.593735 -0.046570 0.998069 0.041096 87.392036 -0.120513 -0.046454 0.991624 0.208481 0.000000 0.000000 0.000000 1.000000
0.984889 0.044088 0.167484 1.141854 -0.051219 0.997945 0.038492 88.041443 -0.165443 -0.046488 0.985123 0.014782 0.000000 0.000000 0.000000 1.000000
0.976467 0.046196 0.210663 1.682372 -0.054443 0.997954 0.033517 88.629219 -0.208684 -0.044197 0.976984 -0.254549 0.000000 0.000000 0.000000 1.000000
0.968249 0.046594 0.245606 2.183416 -0.054979 0.998112 0.027393 89.025978 -0.243865 -0.040027 0.968983 -0.594201 0.000000 0.000000 0.000000 1.000000
0.962561 0.043877 0.267490 2.616410 -0.051929 0.998384 0.023098 89.159683 -0.266044 -0.036123 0.963284 -0.929706 0.000000 0.000000 0.000000 1.000000
0.960755 0.037682 0.274827 2.954401 -0.045562 0.998712 0.022343 89.077553 -0.273631 -0.033988 0.961234 -1.176548 0.000000 0.000000 0.000000 1.000000
0.962411 0.030524 0.269876 3.156562 -0.038094 0.999013 0.022857 88.925400 -0.268912 -0.032278 0.962624 -1.293782 0.000000 0.000000 0.000000 1.000000
0.966455 0.026098 0.255505 3.184584 -0.032429 0.999262 0.020594 88.824646 -0.254779 -0.028189 0.966588 -1.263116 0.000000 0.000000 0.000000 1.000000
0.972395 0.024128 0.232092 3.020125 -0.028783 0.999446 0.016690 88.815727 -0.231561 -0.022910 0.972551 -1.048058 0.000000 0.000000 0.000000 1.000000
0.979763 0.020666 0.199093 2.671293 -0.024965 0.999506 0.019105 88.939034 -0.198600 -0.023689 0.979794 -0.641339 0.000000 0.000000 0.000000 1.000000
0.987128 0.015049 0.159224 2.180736 -0.020365 0.999287 0.031808 89.290901 -0.158632 -0.034641 0.986730 -0.123918 0.000000 0.000000 0.000000 1.000000
0.992668 0.011661 0.120309 1.615975 -0.017260 0.998811 0.045600 89.922638 -0.119635 -0.047342 0.991689 0.397664 0.000000 0.000000 0.000000 1.000000
0.995420 0.013508 0.094640 1.021895 -0.018010 0.998738 0.046882 90.712318 -0.093888 -0.048372 0.994407 0.881516 0.000000 0.000000 0.000000 1.000000
0.995244 0.020095 0.095314 0.405459 -0.023310 0.999192 0.032737 91.416611 -0.094579 -0.034803 0.994909 1.317817 0.000000 0.000000 0.000000 1.000000
0.991271 0.030030 0.128374 -0.231049 -0.031989 0.999401 0.013219 91.863106 -0.127900 -0.017210 0.991638 1.664588 0.000000 0.000000 0.000000 1.000000
0.981806 0.039474 0.185738 -0.848185 -0.040268 0.999189 0.000502 92.025116 -0.185567 -0.007972 0.982599 1.880822 0.000000 0.000000 0.000000 1.000000
0.968401 0.040779 0.246044 -1.390660 -0.041771 0.999127 -0.001190 91.930122 -0.245877 -0.009125 0.969258 1.967794 0.000000 0.000000 0.000000 1.000000
0.958514 0.029307 0.283534 -1.840358 -0.031859 0.999483 0.004393 91.554199 -0.283258 -0.013244 0.958952 1.906619 0.000000 0.000000 0.000000 1.000000
0.959621 0.010345 0.281105 -2.209600 -0.014181 0.999832 0.011616 90.848129 -0.280938 -0.015133 0.959607 1.645786 0.000000 0.000000 0.000000 1.000000
0.969866 -0.006136 0.243563 -2.511700 0.001582 0.999820 0.018889 89.850998 -0.243635 -0.017935 0.969701 1.215321 0.000000 0.000000 0.000000 1.000000
0.980378 -0.015508 0.196518 -2.762396 0.010128 0.999547 0.028350 88.753922 -0.196868 -0.025804 0.980090 0.777809 0.000000 0.000000 0.000000 1.000000
0.985983 -0.019259 0.165730 -2.975029 0.012986 0.999161 0.038852 87.818810 -0.166340 -0.036155 0.985405 0.522324 0.000000 0.000000 0.000000 1.000000
0.987333 -0.019408 0.157473 -3.160573 0.012283 0.998862 0.046095 87.229080 -0.158188 -0.043577 0.986447 0.506528 0.000000 0.000000 0.000000 1.000000
0.986994 -0.017144 0.159843 -3.337806 0.009348 0.998736 0.049396 86.980286 -0.160488 -0.047260 0.985906 0.617391 0.000000 0.000000 0.000000 1.000000
0.987000 -0.014420 0.160074 -3.492081 0.006267 0.998663 0.051322 86.937119 -0.160600 -0.049652 0.985770 0.723831 0.000000 0.000000 0.000000 1.000000
0.987921 -0.013327 0.154384 -3.570060 0.005151 0.998569 0.053234 86.977028 -0.154872 -0.051795 0.986576 0.798560 0.000000 0.000000 0.000000 1.000000
0.989500 -0.013911 0.143861 -3.537562 0.006006 0.998455 0.055234 87.062912 -0.144407 -0.053790 0.988055 0.865242 0.000000 0.000000 0.000000 1.000000
0.991396 -0.014513 0.130091 -3.409862 0.007075 0.998323 0.057454 87.218620 -0.130707 -0.056039 0.989836 0.932242 0.000000 0.000000 0.000000 1.000000
0.993213 -0.014099 0.115450 -3.217247 0.007246 0.998198 0.059561 87.458008 -0.116082 -0.058320 0.991526 1.000945 0.000000 0.000000 0.000000 1.000000
0.994636 -0.013304 0.102582 -2.974966 0.007065 0.998116 0.060942 87.743774 -0.103200 -0.059890 0.992856 1.079059 0.000000 0.000000 0.000000 1.000000
0.995609 -0.012973 0.092702 -2.687621 0.007284 0.998084 0.061446 88.022369 -0.093321 -0.060501 0.993796 1.173444 0.000000 0.000000 0.000000 1.000000
0.996246 -0.013317 0.085539 -2.362711 0.008081 0.998089 0.061266 88.273987 -0.086192 -0.060345 0.994449 1.289990 0.000000 0.000000 0.000000 1.000000
0.996675 -0.014177 0.080233 -2.021471 0.009308 0.998110 0.060742 88.482918 -0.080942 -0.059793 0.994924 1.423581 0.000000 0.000000 0.000000 1.000000
0.997087 -0.014064 0.074960 -1.700790 0.009565 0.998150 0.060046 88.548935 -0.075666 -0.059155 0.995377 1.519216 0.000000 0.000000 0.000000 1.000000
0.997705 -0.010214 0.066930 -1.441050 0.006276 0.998250 0.058793 88.303177 -0.067413 -0.058238 0.996024 1.481097 0.000000 0.000000 0.000000 1.000000
0.998494 -0.001545 0.054834 -1.252172 -0.001564 0.998395 0.056616 87.695831 -0.054834 -0.056616 0.996889 1.269607 0.000000 0.000000 0.000000 1.000000
0.999141 0.009997 0.040207 -1.102290 -0.012157 0.998475 0.053842 86.880394 -0.039608 -0.054285 0.997740 0.952121 0.000000 0.000000 0.000000 1.000000
0.999442 0.021557 0.025522 -0.950574 -0.022839 0.998435 0.051051 86.062904 -0.024381 -0.051605 0.998370 0.629684 0.000000 0.000000 0.000000 1.000000</float_array><technique_common><accessor source="#Hips-Matrix-animation-output-transform-array" count="41" stride="16"><param type="float4x4"/></accessor></technique_common></source><source id="Hips-Interpolations"><Name_array id="Hips-Interpolations-array" count="41">
 LINEAR LINEAR LINEAR LINEAR LINEAR LINEAR LINEAR LINEAR LINEAR LINEAR LINEAR
LINEAR LINEAR LINEAR LINEAR LINEAR LINEAR LINEAR LINEAR LINEAR LINEAR LINEAR LINEAR
LINEAR LINEAR LINEAR LINEAR LINEAR LINEAR LINEAR LINEAR LINEAR LINEAR LINEAR LINEAR
LINEAR LINEAR LINEAR LINEAR LINEAR LINEAR</Name_array><technique_common><accessor source="#Hips-Interpolations-array" count="41"><param type="name"/></accessor></technique_common></source><sampler id="Hips-Matrix-animation-transform"><input semantic="INPUT" source="#Hips-Matrix-animation-input"/><input semantic="OUTPUT" source="#Hips-Matrix-animation-output-transform"/><input semantic="INTERPOLATION" source="#Hips-Interpolations"/></sampler><channel source="#Hips-Matrix-animation-transform" target="Hips/matrix"/></animation>
    <animation id="Spine-anim" name="Spine"><source id="Spine-Matrix-animation-input"><float_array id="Spine-Matrix-animation-input-array" count="41">

0.000000 0.033333 0.066667 0.100000 0.133333 0.166667 0.200000 0.233333 0.266667 0.300000 0.333333 0.366667 0.400000 0.433333 0.466667 0.500000
0.533333 0.566667 0.600000 0.633333 0.666667 0.700000 0.733333 0.766667 0.800000 0.833333 0.866667 0.900000 0.933333 0.966667 1.000000 1.033333
1.066667 1.100000 1.133333 1.166667 1.200000 1.233333 1.266667 1.300000 1.333333</float_array><technique_common><accessor source="#Spine-Matrix-animation-input-array" count="41"><param name="TIME" type="float"/></accessor></technique_common></source><source id="Spine-Matrix-animation-output-transform"><float_array id="Spine-Matrix-animation-output-transform-array" count="656">

0.999922 -0.003407 -0.012005 0.000000 0.003077 0.999620 -0.027377 9.226300 0.012093 0.027338 0.999553 1.577100 0.000000 0.000000 0.000000 1.000000
0.999881 -0.010625 -0.011153 0.000000 0.010318 0.999577 -0.027202 9.226300 0.011437 0.027084 0.999568 1.577100 0.000000 0.000000 0.000000 1.000000
0.999837 -0.015194 -0.009763 0.000000 0.014929 0.999533 -0.026645 9.226300 0.010163 0.026495 0.999597 1.577100 0.000000 0.000000 0.000000 1.000000
0.999833 -0.016758 -0.007267 0.000000 0.016567 0.999535 -0.025603 9.226300 0.007692 0.025479 0.999646 1.577100 0.000000 0.000000 0.000000 1.000000
0.999867 -0.016009 -0.003129 0.000000 0.015929 0.999582 -0.024132 9.226300 0.003514 0.024079 0.999704 1.577100 0.000000 0.000000 0.000000 1.000000
0.999888 -0.014666 0.002951 -0.000000 0.014728 0.999637 -0.022562 9.226300 -0.002619 0.022603 0.999741 1.577100 0.000000 0.000000 0.000000 1.000000
0.999841 -0.013898 0.011144 0.000000 0.014133 0.999672 -0.021369 9.226300 -0.010844 0.021523 0.999710 1.577100 0.000000 0.000000 0.000000 1.000000
0.999679 -0.013333 0.021538 -0.000000 0.013783 0.999687 -0.020856 9.226300 -0.021253 0.021146 0.999550 1.577100 0.000000 0.000000 0.000000 1.000000
0.999365 -0.011127 0.033841 -0.000000 0.011840 0.999711 -0.020944 9.226300 -0.033598 0.021331 0.999208 1.577100 0.000000 0.000000 0.000000 1.000000
0.998881 -0.005401 0.046975 -0.000000 0.006408 0.999752 -0.021307 9.226300 -0.046849 0.021584 0.998669 1.577100 0.000000 0.000000 0.000000 1.000000
0.998242 0.004070 0.059135 0.000000 -0.002793 0.999761 -0.021673 9.226300 -0.059209 0.021469 0.998015 1.577100 0.000000 0.000000 0.000000 1.000000
0.997529 0.015733 0.068475 -0.000000 -0.014265 0.999659 -0.021885 9.226300 -0.068796 0.020854 0.997413 1.577100 0.000000 0.000000 0.000000 1.000000
0.996893 0.027357 0.073863 0.000000 -0.025820 0.999431 -0.021686 9.226300 -0.074415 0.019712 0.997033 1.577100 0.000000 0.000000 0.000000 1.000000
0.996479 0.037380 0.075054 -0.000000 -0.035926 0.999142 -0.020627 9.226300 -0.075761 0.017858 0.996966 1.577100 0.000000 0.000000 0.000000 1.000000
0.996361 0.045184 0.072267 -0.000000 -0.043966 0.998864 -0.018350 9.226300 -0.073014 0.015106 0.997217 1.577100 0.000000 0.000000 0.000000 1.000000
0.996559 0.050538 0.065696 0.000000 -0.049655 0.998654 -0.014999 9.226300 -0.066365 0.011686 0.997727 1.577100 0.000000 0.000000 0.000000 1.000000
0.997089 0.052286 0.055501 -0.000000 -0.051735 0.998597 -0.011329 9.226300 -0.056016 0.008425 0.998394 1.577100 0.000000 0.000000 0.000000 1.000000
0.997915 0.048765 0.042279 0.000000 -0.048444 0.998789 -0.008591 9.226300 -0.042647 0.006524 0.999069 1.577100 0.000000 0.000000 0.000000 1.000000
0.998801 0.040386 0.027657 -0.000000 -0.040175 0.999159 -0.008147 9.226300 -0.027963 0.007026 0.999584 1.577100 0.000000 0.000000 0.000000 1.000000
0.999431 0.030524 0.014350 0.000000 -0.030373 0.999482 -0.010646 9.226300 -0.014667 0.010204 0.999840 1.577100 0.000000 0.000000 0.000000 1.000000
0.999710 0.023526 0.005234 0.000000 -0.023443 0.999607 -0.015354 9.226300 -0.005593 0.015227 0.999868 1.577100 0.000000 0.000000 0.000000 1.000000
0.999772 0.021246 0.001920 -0.000000 -0.021202 0.999565 -0.020521 9.226300 -0.002355 0.020476 0.999788 1.577100 0.000000 0.000000 0.000000 1.000000
0.999760 0.021582 0.003861 0.000000 -0.021481 0.999468 -0.024531 9.226300 -0.004389 0.024443 0.999692 1.577100 0.000000 0.000000 0.000000 1.000000
0.999751 0.020584 0.008651 0.000000 -0.020346 0.999435 -0.026740 9.226300 -0.009197 0.026557 0.999605 1.577100 0.000000 0.000000 0.000000 1.000000
0.999777 0.016344 0.013409 0.000000 -0.015971 0.999495 -0.027471 9.226300 -0.013851 0.027251 0.999533 1.577100 0.000000 0.000000 0.000000 1.000000
0.999811 0.010670 0.016246 0.000000 -0.010220 0.999569 -0.027504 9.226300 -0.016533 0.027333 0.999490 1.577100 0.000000 0.000000 0.000000 1.000000
0.999831 0.007111 0.016941 0.000000 -0.006644 0.999600 -0.027480 9.226300 -0.017130 0.027363 0.999479 1.577100 0.000000 0.000000 0.000000 1.000000
0.999839 0.007122 0.016476 0.000000 -0.006665 0.999596 -0.027639 9.226300 -0.016666 0.027525 0.999482 1.577100 0.000000 0.000000 0.000000 1.000000
0.999828 0.009445 0.015964 0.000000 -0.008996 0.999568 -0.027998 9.226300 -0.016221 0.027849 0.999481 1.577100 0.000000 0.000000 0.000000 1.000000
0.999805 0.011807 0.015824 0.000000 -0.011353 0.999529 -0.028506 9.226300 -0.016153 0.028321 0.999468 1.577100 0.000000 0.000000 0.000000 1.000000
0.999794 0.012906 0.015663 -0.000000 -0.012447 0.999501 -0.029044 9.226300 -0.016030 0.028843 0.999455 1.577100 0.000000 0.000000 0.000000 1.000000
0.999810 0.012808 0.014723 0.000000 -0.012371 0.999490 -0.029437 9.226300 -0.015092 0.029249 0.999458 1.577100 0.000000 0.000000 0.000000 1.000000
0.999846 0.012366 0.012482 0.000000 -0.011993 0.999491 -0.029558 9.226300 -0.012841 0.029403 0.999485 1.577100 0.000000 0.000000 0.000000 1.000000
0.999881 0.012521 0.009004 0.000000 -0.012251 0.999493 -0.029387 9.226300 -0.009367 0.029273 0.999528 1.577100 0.000000 0.000000 0.000000 1.000000
0.999894 0.013715 0.004873 -0.000000 -0.013568 0.999488 -0.028983 9.226300 -0.005268 0.028914 0.999568 1.577100 0.000000 0.000000 0.000000 1.000000
0.999880 0.015460 0.000835 -0.000000 -0.015430 0.999476 -0.028444 9.226300 -0.001275 0.028427 0.999595 1.577100 0.000000 0.000000 0.000000 1.000000
0.999864 0.016267 -0.002606 0.000000 -0.016333 0.999477 -0.027906 9.226300 0.002151 0.027944 0.999607 1.577100 0.000000 0.000000 0.000000 1.000000
0.999880 0.014539 -0.005368 -0.000000 -0.014682 0.999514 -0.027516 9.226300 0.004965 0.027592 0.999607 1.577100 0.000000 0.000000 0.000000 1.000000
0.999921 0.009911 -0.007675 0.000000 -0.010118 0.999575 -0.027343 9.226300 0.007401 0.027418 0.999597 1.577100 0.000000 0.000000 0.000000 1.000000
0.999946 0.003422 -0.009824 0.000000 -0.003689 0.999620 -0.027332 9.226300 0.009726 0.027367 0.999578 1.577100 0.000000 0.000000 0.000000 1.000000
0.999922 -0.003407 -0.012005 0.000000 0.003077 0.999620 -0.027377 9.226300 0.012093 0.027338 0.999553 1.577100 0.000000 0.000000 0.000000 1.000000</float_array><technique_common><accessor source="#Spine-Matrix-animation-output-transform-array" count="41" stride="16"><param type="float4x4"/></accessor></technique_common></source><source id="Spine-Interpolations"><Name_array id="Spine-Interpolations-array" count="41">
 LINEAR LINEAR LINEAR LINEAR LINEAR LINEAR LINEAR LINEAR LINEAR LINEAR LINEAR
LINEAR LINEAR LINEAR LINEAR LINEAR LINEAR LINEAR LINEAR LINEAR LINEAR LINEAR LINEAR
LINEAR LINEAR LINEAR LINEAR LINEAR LINEAR LINEAR LINEAR LINEAR LINEAR LINEAR LINEAR
LINEAR LINEAR LINEAR LINEAR LINEAR LINEAR</Name_array><technique_common><accessor source="#Spine-Interpolations-array" count="41"><param type="name"/></accessor></technique_common></source><sampler id="Spine-Matrix-animation-transform"><input semantic="INPUT" source="#Spine-Matrix-animation-input"/><input semantic="OUTPUT" source="#Spine-Matrix-animation-output-transform"/><input semantic="INTERPOLATION" source="#Spine-Interpolations"/></sampler><channel source="#Spine-Matrix-animation-transform" target="Spine/matrix"/></animation>
    <animation id="Spine1-anim" name="Spine1"><source id="Spine1-Matrix-animation-input"><float_array id="Spine1-Matrix-animation-input-array" count="41">

0.000000 0.033333 0.066667 0.100000 0.133333 0.166667 0.200000 0.233333 0.266667 0.300000 0.333333 0.366667 0.400000 0.433333 0.466667 0.500000
0.533333 0.566667 0.600000 0.633333 0.666667 0.700000 0.733333 0.766667 0.800000 0.833333 0.866667 0.900000 0.933333 0.966667 1.000000 1.033333
1.066667 1.100000 1.133333 1.166667 1.200000 1.233333 1.266667 1.300000 1.333333</float_array><technique_common><accessor source="#Spine1-Matrix-animation-input-array" count="41"><param name="TIME" type="float"/></accessor></technique_common></source><source id="Spine1-Matrix-animation-output-transform"><float_array id="Spine1-Matrix-animation-output-transform-array" count="656">

0.999563 -0.017406 -0.023883 0.000000 0.016075 0.998366 -0.054835 16.254000 0.024798 0.054427 0.998210 -0.165600 0.000000 0.000000 0.000000 1.000000
0.999534 -0.021297 -0.021883 -0.000000 0.020079 0.998315 -0.054438 16.254000 0.023006 0.053973 0.998277 -0.165600 0.000000 0.000000 0.000000 1.000000
0.999553 -0.023209 -0.018849 0.000000 0.022176 0.998332 -0.053304 16.254000 0.020055 0.052862 0.998400 -0.165600 0.000000 0.000000 0.000000 1.000000
0.999640 -0.023079 -0.013654 0.000000 0.022352 0.998437 -0.051223 16.254000 0.014814 0.050899 0.998594 -0.165600 0.000000 0.000000 0.000000 1.000000
0.999759 -0.021327 -0.005263 0.000000 0.021048 0.998612 -0.048290 16.254000 0.006285 0.048167 0.998820 -0.165600 0.000000 0.000000 0.000000 1.000000
0.999803 -0.018637 0.006863 0.000000 0.018928 0.998800 -0.045179 16.254000 -0.006012 0.045300 0.998955 -0.165600 0.000000 0.000000 0.000000 1.000000
0.999619 -0.015240 0.023006 -0.000000 0.016217 0.998948 -0.042900 16.254000 -0.022328 0.043257 0.998814 -0.165600 0.000000 0.000000 0.000000 1.000000
0.998998 -0.010852 0.043411 -0.000000 0.012683 0.999032 -0.042112 16.254000 -0.042912 0.042621 0.998169 -0.165600 0.000000 0.000000 0.000000 1.000000
0.997690 -0.005079 0.067746 0.000000 0.007974 0.999063 -0.042545 16.254000 -0.067467 0.042987 0.996795 -0.165600 0.000000 0.000000 0.000000 1.000000
0.995556 0.002223 0.094148 0.000000 0.001857 0.999064 -0.043227 16.254000 -0.094156 0.043210 0.994619 -0.165600 0.000000 0.000000 0.000000 1.000000
0.992830 0.010902 0.119033 0.000000 -0.005770 0.999042 -0.043378 16.254000 -0.119392 0.042380 0.991942 -0.165600 0.000000 0.000000 0.000000 1.000000
0.990181 0.020456 0.138289 0.000000 -0.014650 0.998973 -0.042876 16.254000 -0.139024 0.040429 0.989463 -0.165600 0.000000 0.000000 0.000000 1.000000
0.988384 0.029629 0.149058 0.000000 -0.023660 0.998852 -0.041662 16.254000 -0.150122 0.037652 0.987950 -0.165600 0.000000 0.000000 0.000000 1.000000
0.987916 0.036404 0.150656 0.000000 -0.030850 0.998761 -0.039040 16.254000 -0.151890 0.033920 0.987815 -0.165600 0.000000 0.000000 0.000000 1.000000
0.988806 0.039034 0.144013 0.000000 -0.034462 0.998824 -0.034110 16.254000 -0.145175 0.028765 0.988988 -0.165600 0.000000 0.000000 0.000000 1.000000
0.990767 0.037359 0.130323 0.000000 -0.034119 0.999053 -0.027010 16.254000 -0.131209 0.022315 0.991104 -0.165600 0.000000 0.000000 0.000000 1.000000
0.993362 0.032735 0.110276 0.000000 -0.030768 0.999337 -0.019489 16.254000 -0.110841 0.015967 0.993710 -0.165600 0.000000 0.000000 0.000000 1.000000
0.996041 0.026780 0.084760 0.000000 -0.025656 0.999568 -0.014321 16.254000 -0.085107 0.012090 0.996298 -0.165600 0.000000 0.000000 0.000000 1.000000
0.998191 0.020726 0.056432 0.000000 -0.019963 0.999702 -0.014051 16.254000 -0.056706 0.012899 0.998308 -0.165600 0.000000 0.000000 0.000000 1.000000
0.999420 0.015473 0.030326 0.000000 -0.014884 0.999698 -0.019553 16.254000 -0.030619 0.019090 0.999349 -0.165600 0.000000 0.000000 0.000000 1.000000
0.999857 0.011769 0.012171 -0.000000 -0.011409 0.999508 -0.029227 16.254000 -0.012509 0.029084 0.999499 -0.165600 0.000000 0.000000 0.000000 1.000000
0.999938 0.009817 0.005305 0.000000 -0.009599 0.999166 -0.039698 16.254000 -0.005690 0.039645 0.999198 -0.165600 0.000000 0.000000 0.000000 1.000000
0.999923 0.008860 0.008695 0.000000 -0.008435 0.998821 -0.047809 16.254000 -0.009108 0.047732 0.998819 -0.165600 0.000000 0.000000 0.000000 1.000000
0.999815 0.007587 0.017667 0.000000 -0.006654 0.998609 -0.052310 16.254000 -0.018039 0.052182 0.998475 -0.165600 0.000000 0.000000 0.000000 1.000000
0.999631 0.005149 0.026679 0.000000 -0.003704 0.998538 -0.053936 16.254000 -0.026918 0.053818 0.998188 -0.165600 0.000000 0.000000 0.000000 1.000000
0.999482 0.001849 0.032141 0.000000 -0.000104 0.998529 -0.054216 16.254000 -0.032194 0.054184 0.998012 -0.165600 0.000000 0.000000 0.000000 1.000000
0.999435 -0.001206 0.033584 -0.000000 0.003029 0.998521 -0.054275 16.254000 -0.033469 0.054346 0.997961 -0.165600 0.000000 0.000000 0.000000 1.000000
0.999457 -0.003188 0.032781 0.000000 0.004974 0.998499 -0.054543 16.254000 -0.032558 0.054676 0.997973 -0.165600 0.000000 0.000000 0.000000 1.000000
0.999486 -0.004030 0.031803 0.000000 0.005779 0.998463 -0.055118 16.254000 -0.031532 0.055273 0.997973 -0.165600 0.000000 0.000000 0.000000 1.000000
0.999496 -0.004238 0.031462 0.000000 0.005996 0.998413 -0.056001 16.254000 -0.031175 0.056161 0.997935 -0.165600 0.000000 0.000000 0.000000 1.000000
0.999509 -0.004346 0.031034 0.000000 0.006112 0.998354 -0.057028 16.254000 -0.030735 0.057190 0.997890 -0.165600 0.000000 0.000000 0.000000 1.000000
0.999566 -0.004604 0.029080 -0.000000 0.006282 0.998304 -0.057869 16.254000 -0.028764 0.058027 0.997901 -0.165600 0.000000 0.000000 0.000000 1.000000
0.999686 -0.004999 0.024570 0.000000 0.006423 0.998283 -0.058225 16.254000 -0.024237 0.058365 0.998001 -0.165600 0.000000 0.000000 0.000000 1.000000
0.999831 -0.005403 0.017573 0.000000 0.006415 0.998296 -0.058001 16.254000 -0.017230 0.058104 0.998162 -0.165600 0.000000 0.000000 0.000000 1.000000
0.999942 -0.005681 0.009200 -0.000000 0.006199 0.998338 -0.057291 16.254000 -0.008859 0.057344 0.998315 -0.165600 0.000000 0.000000 0.000000 1.000000
0.999982 -0.005859 0.000950 -0.000000 0.005904 0.998396 -0.056309 16.254000 -0.000619 0.056313 0.998413 -0.165600 0.000000 0.000000 0.000000 1.000000
0.999962 -0.006333 -0.006063 -0.000000 0.005988 0.998449 -0.055354 16.254000 0.006404 0.055316 0.998448 -0.165600 0.000000 0.000000 0.000000 1.000000
0.999904 -0.007719 -0.011549 0.000000 0.007076 0.998477 -0.054722 16.254000 0.011954 0.054635 0.998435 -0.165600 0.000000 0.000000 0.000000 1.000000
0.999820 -0.010299 -0.015935 -0.000000 0.009416 0.998468 -0.054527 16.254000 0.016472 0.054367 0.998385 -0.165600 0.000000 0.000000 0.000000 1.000000
0.999708 -0.013741 -0.019883 0.000000 0.012637 0.998426 -0.054640 16.254000 0.020602 0.054373 0.998308 -0.165600 0.000000 0.000000 0.000000 1.000000
0.999563 -0.017406 -0.023883 0.000000 0.016075 0.998366 -0.054835 16.254000 0.024798 0.054427 0.998210 -0.165600 0.000000 0.000000 0.000000 1.000000</float_array><technique_common><accessor source="#Spine1-Matrix-animation-output-transform-array" count="41" stride="16"><param type="float4x4"/></accessor></technique_common></source><source id="Spine1-Interpolations"><Name_array id="Spine1-Interpolations-array" count="41">
 LINEAR LINEAR LINEAR LINEAR LINEAR LINEAR LINEAR LINEAR LINEAR LINEAR LINEAR
LINEAR LINEAR LINEAR LINEAR LINEAR LINEAR LINEAR LINEAR LINEAR LINEAR LINEAR LINEAR
LINEAR LINEAR LINEAR LINEAR LINEAR LINEAR LINEAR LINEAR LINEAR LINEAR LINEAR LINEAR
LINEAR LINEAR LINEAR LINEAR LINEAR LINEAR</Name_array><technique_common><accessor source="#Spine1-Interpolations-array" count="41"><param type="name"/></accessor></technique_common></source><sampler id="Spine1-Matrix-animation-transform"><input semantic="INPUT" source="#Spine1-Matrix-animation-input"/><input semantic="OUTPUT" source="#Spine1-Matrix-animation-output-transform"/><input semantic="INTERPOLATION" source="#Spine1-Interpolations"/></sampler><channel source="#Spine1-Matrix-animation-transform" target="Spine1/matrix"/></animation>
    <animation id="Spine2-anim" name="Spine2"><source id="Spine2-Matrix-animation-input"><float_array id="Spine2-Matrix-animation-input-array" count="41">

0.000000 0.033333 0.066667 0.100000 0.133333 0.166667 0.200000 0.233333 0.266667 0.300000 0.333333 0.366667 0.400000 0.433333 0.466667 0.500000
0.533333 0.566667 0.600000 0.633333 0.666667 0.700000 0.733333 0.766667 0.800000 0.833333 0.866667 0.900000 0.933333 0.966667 1.000000 1.033333
1.066667 1.100000 1.133333 1.166667 1.200000 1.233333 1.266667 1.300000 1.333333</float_array><technique_common><accessor source="#Spine2-Matrix-animation-input-array" count="41"><param name="TIME" type="float"/></accessor></technique_common></source><source id="Spine2-Matrix-animation-output-transform"><float_array id="Spine2-Matrix-animation-output-transform-array" count="656">

0.999561 -0.017409 -0.023982 0.000000 0.016073 0.998368 -0.054793 13.639600 0.024896 0.054384 0.998210 -1.292300 0.000000 0.000000 0.000000 1.000000
0.999533 -0.021297 -0.021906 -0.000000 0.020078 0.998316 -0.054429 13.639600 0.023029 0.053964 0.998277 -1.292300 0.000000 0.000000 0.000000 1.000000
0.999553 -0.023207 -0.018822 0.000000 0.022175 0.998332 -0.053311 13.639600 0.020028 0.052870 0.998401 -1.292300 0.000000 0.000000 0.000000 1.000000
0.999641 -0.023076 -0.013604 0.000000 0.022351 0.998437 -0.051232 13.639600 0.014765 0.050910 0.998594 -1.292300 0.000000 0.000000 0.000000 1.000000
0.999759 -0.021327 -0.005212 -0.000000 0.021051 0.998611 -0.048299 13.639600 0.006235 0.048177 0.998819 -1.292300 0.000000 0.000000 0.000000 1.000000
0.999802 -0.018640 0.006910 0.000000 0.018933 0.998799 -0.045184 13.639600 -0.006060 0.045306 0.998955 -1.292300 0.000000 0.000000 0.000000 1.000000
0.999618 -0.015236 0.023061 0.000000 0.016215 0.998949 -0.042879 13.639600 -0.022384 0.043236 0.998814 -1.292300 0.000000 0.000000 0.000000 1.000000
0.998996 -0.010832 0.043480 0.000000 0.012661 0.999036 -0.042027 13.639600 -0.042983 0.042536 0.998170 -1.292300 0.000000 0.000000 0.000000 1.000000
0.997685 -0.005046 0.067819 0.000000 0.007935 0.999069 -0.042396 13.639600 -0.067542 0.042836 0.996796 -1.292300 0.000000 0.000000 0.000000 1.000000
0.995551 0.002244 0.094199 0.000000 0.001827 0.999069 -0.043102 13.639600 -0.094208 0.043083 0.994620 -1.292300 0.000000 0.000000 0.000000 1.000000
0.992830 0.010876 0.119036 0.000000 -0.005736 0.999040 -0.043434 13.639600 -0.119394 0.042439 0.991940 -1.292300 0.000000 0.000000 0.000000 1.000000
0.990191 0.020358 0.138231 -0.000000 -0.014502 0.998960 -0.043237 13.639600 -0.138968 0.040809 0.989456 -1.292300 0.000000 0.000000 0.000000 1.000000
0.988407 0.029460 0.148943 0.000000 -0.023390 0.998829 -0.042347 13.639600 -0.150016 0.038372 0.987939 -1.292300 0.000000 0.000000 0.000000 1.000000
0.987947 0.036189 0.150502 0.000000 -0.030497 0.998736 -0.039962 13.639600 -0.151758 0.034891 0.987802 -1.292300 0.000000 0.000000 0.000000 1.000000
0.988838 0.038805 0.143851 0.000000 -0.034083 0.998801 -0.035152 13.639600 -0.145043 0.029857 0.988975 -1.292300 0.000000 0.000000 0.000000 1.000000
0.990794 0.037141 0.130185 -0.000000 -0.033761 0.999036 -0.028071 13.639600 -0.131102 0.023417 0.991092 -1.292300 0.000000 0.000000 0.000000 1.000000
0.993379 0.032546 0.110180 0.000000 -0.030470 0.999326 -0.020469 13.639600 -0.110772 0.016976 0.993701 -1.292300 0.000000 0.000000 0.000000 1.000000
0.996051 0.026636 0.084699 -0.000000 -0.025446 0.999562 -0.015101 13.639600 -0.085064 0.012886 0.996292 -1.292300 0.000000 0.000000 0.000000 1.000000
0.998196 0.020633 0.056374 0.000000 -0.019843 0.999697 -0.014544 13.639600 -0.056658 0.013399 0.998304 -1.292300 0.000000 0.000000 0.000000 1.000000
0.999424 0.015425 0.030235 0.000000 -0.014832 0.999695 -0.019764 13.639600 -0.030531 0.019304 0.999347 -1.292300 0.000000 0.000000 0.000000 1.000000
0.999859 0.011749 0.012023 0.000000 -0.011393 0.999507 -0.029260 13.639600 -0.012361 0.029119 0.999500 -1.292300 0.000000 0.000000 0.000000 1.000000
0.999939 0.009805 0.005099 0.000000 -0.009595 0.999166 -0.039686 13.639600 -0.005484 0.039634 0.999199 -1.292300 0.000000 0.000000 0.000000 1.000000
0.999925 0.008845 0.008453 0.000000 -0.008431 0.998820 -0.047837 13.639600 -0.008866 0.047763 0.998819 -1.292300 0.000000 0.000000 0.000000 1.000000
0.999820 0.007568 0.017425 0.000000 -0.006646 0.998604 -0.052395 13.639600 -0.017797 0.052270 0.998474 -1.292300 0.000000 0.000000 0.000000 1.000000
0.999636 0.005130 0.026472 0.000000 -0.003693 0.998531 -0.054049 13.639600 -0.026711 0.053931 0.998187 -1.292300 0.000000 0.000000 0.000000 1.000000
0.999487 0.001833 0.031981 0.000000 -0.000094 0.998523 -0.054322 13.639600 -0.032034 0.054291 0.998011 -1.292300 0.000000 0.000000 0.000000 1.000000
0.999440 -0.001221 0.033445 0.000000 0.003039 0.998516 -0.054368 13.639600 -0.033329 0.054439 0.997961 -1.292300 0.000000 0.000000 0.000000 1.000000
0.999463 -0.003206 0.032623 0.000000 0.004987 0.998494 -0.054638 13.639600 -0.032399 0.054771 0.997973 -1.292300 0.000000 0.000000 0.000000 1.000000
0.999492 -0.004053 0.031601 0.000000 0.005795 0.998457 -0.055231 13.639600 -0.031328 0.055386 0.997973 -1.292300 0.000000 0.000000 0.000000 1.000000
0.999504 -0.004265 0.031218 0.000000 0.006013 0.998405 -0.056134 13.639600 -0.030929 0.056294 0.997935 -1.292300 0.000000 0.000000 0.000000 1.000000
0.999517 -0.004374 0.030767 -0.000000 0.006129 0.998346 -0.057170 13.639600 -0.030466 0.057330 0.997890 -1.292300 0.000000 0.000000 0.000000 1.000000
0.999574 -0.004630 0.028809 0.000000 0.006295 0.998297 -0.058002 13.639600 -0.028492 0.058159 0.997901 -1.292300 0.000000 0.000000 0.000000 1.000000
0.999692 -0.005021 0.024303 0.000000 0.006432 0.998276 -0.058338 13.639600 -0.023968 0.058476 0.998001 -1.292300 0.000000 0.000000 0.000000 1.000000
0.999836 -0.005421 0.017305 -0.000000 0.006418 0.998291 -0.058082 13.639600 -0.016960 0.058183 0.998162 -1.292300 0.000000 0.000000 0.000000 1.000000
0.999944 -0.005695 0.008918 -0.000000 0.006197 0.998336 -0.057333 13.639600 -0.008577 0.057385 0.998315 -1.292300 0.000000 0.000000 0.000000 1.000000
0.999983 -0.005870 0.000649 -0.000000 0.005897 0.998396 -0.056309 13.639600 -0.000318 0.056312 0.998413 -1.292300 0.000000 0.000000 0.000000 1.000000
0.999960 -0.006341 -0.006371 -0.000000 0.005979 0.998451 -0.055320 13.639600 0.006712 0.055280 0.998448 -1.292300 0.000000 0.000000 0.000000 1.000000
0.999900 -0.007725 -0.011837 -0.000000 0.007067 0.998480 -0.054668 13.639600 0.012242 0.054579 0.998434 -1.292300 0.000000 0.000000 0.000000 1.000000
0.999816 -0.010304 -0.016173 0.000000 0.009409 0.998471 -0.054470 13.639600 0.016709 0.054308 0.998384 -1.292300 0.000000 0.000000 0.000000 1.000000
0.999704 -0.013746 -0.020053 0.000000 0.012633 0.998429 -0.054590 13.639600 0.020772 0.054321 0.998307 -1.292300 0.000000 0.000000 0.000000 1.000000
0.999561 -0.017409 -0.023982 0.000000 0.016073 0.998368 -0.054793 13.639600 0.024896 0.054384 0.998210 -1.292300 0.000000 0.000000 0.000000 1.000000</float_array><technique_common><accessor source="#Spine2-Matrix-animation-output-transform-array" count="41" stride="16"><param type="float4x4"/></accessor></technique_common></source><source id="Spine2-Interpolations"><Name_array id="Spine2-Interpolations-array" count="41">
 LINEAR LINEAR LINEAR LINEAR LINEAR LINEAR LINEAR LINEAR LINEAR LINEAR LINEAR
LINEAR LINEAR LINEAR LINEAR LINEAR LINEAR LINEAR LINEAR LINEAR LINEAR LINEAR LINEAR
LINEAR LINEAR LINEAR LINEAR LINEAR LINEAR LINEAR LINEAR LINEAR LINEAR LINEAR LINEAR
LINEAR LINEAR LINEAR LINEAR LINEAR LINEAR</Name_array><technique_common><accessor source="#Spine2-Interpolations-array" count="41"><param type="name"/></accessor></technique_common></source><sampler id="Spine2-Matrix-animation-transform"><input semantic="INPUT" source="#Spine2-Matrix-animation-input"/><input semantic="OUTPUT" source="#Spine2-Matrix-animation-output-transform"/><input semantic="INTERPOLATION" source="#Spine2-Interpolations"/></sampler><channel source="#Spine2-Matrix-animation-transform" target="Spine2/matrix"/></animation>
    <animation id="Neck-anim" name="Neck"><source id="Neck-Matrix-animation-input"><float_array id="Neck-Matrix-animation-input-array" count="41">

0.000000 0.033333 0.066667 0.100000 0.133333 0.166667 0.200000 0.233333 0.266667 0.300000 0.333333 0.366667 0.400000 0.433333 0.466667 0.500000
0.533333 0.566667 0.600000 0.633333 0.666667 0.700000 0.733333 0.766667 0.800000 0.833333 0.866667 0.900000 0.933333 0.966667 1.000000 1.033333
1.066667 1.100000 1.133333 1.166667 1.200000 1.233333 1.266667 1.300000 1.333333</float_array><technique_common><accessor source="#Neck-Matrix-animation-input-array" count="41"><param name="TIME" type="float"/></accessor></technique_common></source><source id="Neck-Matrix-animation-output-transform"><float_array id="Neck-Matrix-animation-output-transform-array" count="656">

0.998951 -0.036191 -0.028057 0.000000 0.031781 0.989031 -0.144245 13.877400 0.032970 0.143202 0.989144 -4.354200 0.000000 0.000000 0.000000 1.000000
0.998664 -0.041385 -0.030934 0.000000 0.036687 0.989544 -0.139485 13.877400 0.036383 0.138164 0.989741 -4.354200 0.000000 0.000000 0.000000 1.000000
0.998113 -0.049590 -0.036212 -0.000000 0.044266 0.989803 -0.135390 13.877400 0.042557 0.133532 0.990130 -4.354200 0.000000 0.000000 0.000000 1.000000
0.997158 -0.060818 -0.044456 -0.000000 0.054431 0.989628 -0.132942 13.877400 0.052080 0.130144 0.990126 -4.354200 0.000000 0.000000 0.000000 1.000000
0.995746 -0.073520 -0.055542 -0.000000 0.065640 0.989023 -0.132383 13.877400 0.064666 0.128174 0.989641 -4.354200 0.000000 0.000000 0.000000 1.000000
0.994067 -0.084507 -0.068476 0.000000 0.074910 0.988376 -0.132294 13.877400 0.078860 0.126380 0.988842 -4.354200 0.000000 0.000000 0.000000 1.000000
0.992493 -0.090637 -0.082111 0.000000 0.079473 0.988284 -0.130301 13.877400 0.092959 0.122797 0.988069 -4.354200 0.000000 0.000000 0.000000 1.000000
0.991260 -0.090758 -0.095745 0.000000 0.078485 0.989051 -0.124971 13.877400 0.106039 0.116364 0.987530 -4.354200 0.000000 0.000000 0.000000 1.000000
0.990248 -0.086575 -0.109151 0.000000 0.073715 0.990416 -0.116804 13.877400 0.118217 0.107619 0.987139 -4.354200 0.000000 0.000000 0.000000 1.000000
0.989135 -0.081901 -0.122082 -0.000000 0.068842 0.991808 -0.107603 13.877400 0.129895 0.098030 0.986670 -4.354200 0.000000 0.000000 0.000000 1.000000
0.987740 -0.080700 -0.133632 0.000000 0.067583 0.992695 -0.099948 13.877400 0.140722 0.089692 0.985978 -4.354200 0.000000 0.000000 0.000000 1.000000
0.986225 -0.084807 -0.142016 0.000000 0.071329 0.992681 -0.097451 13.877400 0.149241 0.085979 0.985056 -4.354200 0.000000 0.000000 0.000000 1.000000
0.985068 -0.092446 -0.145242 0.000000 0.077790 0.991578 -0.103545 13.877400 0.153591 0.090701 0.983963 -4.354200 0.000000 0.000000 0.000000 1.000000
0.984828 -0.098940 -0.142564 -0.000000 0.082355 0.989606 -0.117886 13.877400 0.152746 0.104357 0.982740 -4.354200 0.000000 0.000000 0.000000 1.000000
0.985724 -0.099893 -0.135534 -0.000000 0.081612 0.987572 -0.134319 13.877400 0.147267 0.121340 0.981626 -4.354200 0.000000 0.000000 0.000000 1.000000
0.987347 -0.094512 -0.127334 0.000000 0.075797 0.986590 -0.144551 13.877400 0.139288 0.133070 0.981270 -4.354200 0.000000 0.000000 0.000000 1.000000
0.988978 -0.085804 -0.120670 0.000000 0.067941 0.987089 -0.145051 13.877400 0.131558 0.135253 0.982038 -4.354200 0.000000 0.000000 0.000000 1.000000
0.990185 -0.077636 -0.116217 0.000000 0.061073 0.988287 -0.139853 13.877400 0.125713 0.131383 0.983328 -4.354200 0.000000 0.000000 0.000000 1.000000
0.990963 -0.072257 -0.113013 0.000000 0.056633 0.989114 -0.135818 13.877400 0.121597 0.128190 0.984267 -4.354200 0.000000 0.000000 0.000000 1.000000
0.991430 -0.070529 -0.109963 0.000000 0.055341 0.989227 -0.135526 13.877400 0.118337 0.128279 0.984653 -4.354200 0.000000 0.000000 0.000000 1.000000
0.991623 -0.072866 -0.106652 0.000000 0.058070 0.989033 -0.135798 13.877400 0.115378 0.128467 0.984979 -4.354200 0.000000 0.000000 0.000000 1.000000
0.991584 -0.078355 -0.103064 -0.000000 0.064364 0.989065 -0.132690 13.877400 0.112334 0.124940 0.985785 -4.354200 0.000000 0.000000 0.000000 1.000000
0.991546 -0.083538 -0.099291 -0.000000 0.070718 0.989470 -0.126283 13.877400 0.108795 0.118193 0.987013 -4.354200 0.000000 0.000000 0.000000 1.000000
0.991841 -0.084069 -0.095835 0.000000 0.072316 0.990121 -0.120127 13.877400 0.104987 0.112217 0.988122 -4.354200 0.000000 0.000000 0.000000 1.000000
0.992496 -0.078576 -0.093685 0.000000 0.067375 0.990813 -0.117259 13.877400 0.102038 0.110067 0.988673 -4.354200 0.000000 0.000000 0.000000 1.000000
0.993134 -0.070280 -0.093514 0.000000 0.059069 0.991294 -0.117677 13.877400 0.100970 0.111345 0.988639 -4.354200 0.000000 0.000000 0.000000 1.000000
0.993440 -0.063980 -0.094785 0.000000 0.052488 0.991490 -0.119136 13.877400 0.101600 0.113379 0.988343 -4.354200 0.000000 0.000000 0.000000 1.000000
0.993475 -0.061599 -0.095981 -0.000000 0.049956 0.991600 -0.119307 13.877400 0.102524 0.113733 0.988207 -4.354200 0.000000 0.000000 0.000000 1.000000
0.993532 -0.061082 -0.095722 -0.000000 0.049688 0.991865 -0.117196 13.877400 0.102102 0.111681 0.988485 -4.354200 0.000000 0.000000 0.000000 1.000000
0.993854 -0.059287 -0.093480 -0.000000 0.048519 0.992349 -0.113532 13.877400 0.099496 0.108299 0.989127 -4.354200 0.000000 0.000000 0.000000 1.000000
0.994473 -0.055123 -0.089361 0.000000 0.045126 0.992877 -0.110270 13.877400 0.094803 0.105628 0.989876 -4.354200 0.000000 0.000000 0.000000 1.000000
0.995252 -0.049793 -0.083625 0.000000 0.040516 0.993196 -0.109183 13.877400 0.088492 0.105277 0.990498 -4.354200 0.000000 0.000000 0.000000 1.000000
0.996053 -0.044881 -0.076573 0.000000 0.036270 0.993229 -0.110362 13.877400 0.081007 0.107149 0.990937 -4.354200 0.000000 0.000000 0.000000 1.000000
0.996796 -0.040975 -0.068692 0.000000 0.033108 0.993157 -0.111996 13.877400 0.072811 0.109363 0.991332 -4.354200 0.000000 0.000000 0.000000 1.000000
0.997437 -0.037953 -0.060652 -0.000000 0.030983 0.993226 -0.111993 13.877400 0.064492 0.109826 0.991856 -4.354200 0.000000 0.000000 0.000000 1.000000
0.997946 -0.035791 -0.053121 -0.000000 0.029763 0.993461 -0.110223 13.877400 0.056718 0.108415 0.992486 -4.354200 0.000000 0.000000 0.000000 1.000000
0.998314 -0.034676 -0.046552 -0.000000 0.029419 0.993581 -0.109227 13.877400 0.050041 0.107673 0.992926 -4.354200 0.000000 0.000000 0.000000 1.000000
0.998558 -0.034578 -0.041069 0.000000 0.029776 0.993230 -0.112285 13.877400 0.044673 0.110901 0.992827 -4.354200 0.000000 0.000000 0.000000 1.000000
0.998720 -0.035089 -0.036442 0.000000 0.030464 0.992244 -0.120517 13.877400 0.040388 0.119253 0.992042 -4.354200 0.000000 0.000000 0.000000 1.000000
0.998842 -0.035722 -0.032237 -0.000000 0.031169 0.990745 -0.132110 13.877400 0.036657 0.130952 0.990711 -4.354200 0.000000 0.000000 0.000000 1.000000
0.998951 -0.036191 -0.028057 0.000000 0.031781 0.989031 -0.144245 13.877400 0.032970 0.143202 0.989144 -4.354200 0.000000 0.000000 0.000000 1.000000</float_array><technique_common><accessor source="#Neck-Matrix-animation-output-transform-array" count="41" stride="16"><param type="float4x4"/></accessor></technique_common></source><source id="Neck-Interpolations"><Name_array id="Neck-Interpolations-array" count="41">
 LINEAR LINEAR LINEAR LINEAR LINEAR LINEAR LINEAR LINEAR LINEAR LINEAR LINEAR
LINEAR LINEAR LINEAR LINEAR LINEAR LINEAR LINEAR LINEAR LINEAR LINEAR LINEAR LINEAR
LINEAR LINEAR LINEAR LINEAR LINEAR LINEAR LINEAR LINEAR LINEAR LINEAR LINEAR LINEAR
