<?xml version="1.0" encoding="utf-8"?>
<COLLADA xmlns="http://www.collada.org/2005/11/COLLADASchema" version="1.4.1">
  <asset><contributor><author>Mixamo</author><authoring_tool>COLLADA Mixamo exporter</authoring_tool><comments></comments></contributor><created>2018-12-18T00:38:08Z</created><modified>2018-12-18T00:38:08Z</modified><revision></revision><title></title><unit meter="0.010000"/><up_axis>Y_UP</up_axis></asset>
  <library_animations>
    <animation id="Hips-anim" name="Hips"><source id="Hips-Matrix-animation-input"><float_array id="Hips-Matrix-animation-input-array" count="67">

0.000000 0.033333 0.066667 0.100000 0.133333 0.166667 0.200000 0.233333 0.266667 0.300000 0.333333 0.366667 0.400000 0.433333 0.466667 0.500000
0.533333 0.566667 0.600000 0.633333 0.666667 0.700000 0.733333 0.766667 0.800000 0.833333 0.866667 0.900000 0.933333 0.966667 1.000000 1.033333
1.066667 1.100000 1.133333 1.166667 1.200000 1.233333 1.266667 1.300000 1.333333 1.366667 1.400000 1.433333 1.466667 1.500000 1.533333 1.566667
1.600000 1.633333 1.666667 1.700000 1.733333 1.766667 1.800000 1.833333 1.866667 1.900000 1.933333 1.966667 2.000000 2.033333 2.066667 2.100000
2.133333 2.166667 2.200000</float_array><technique_common><accessor source="#Hips-Matrix-animation-input-array" count="67"><param name="TIME" type="float"/></accessor></technique_common></source><source id="Hips-Matrix-animation-output-transform"><float_array id="Hips-Matrix-animation-output-transform-array" count="1072">

0.583554 -0.120868 -0.803029 0.781301 -0.014730 0.987123 -0.159281 81.516861 0.811941 0.104778 0.574260 -0.596279 0.000000 0.000000 0.000000 1.000000
0.533513 -0.107576 -0.838923 1.331279 -0.018040 0.990205 -0.138448 81.503571 0.845599 0.088998 0.526347 -0.806344 0.000000 0.000000 0.000000 1.000000
0.529261 -0.107080 -0.841675 1.940737 -0.000493 0.991965 -0.126510 81.422729 0.848459 0.067372 0.524956 -0.829570 0.000000 0.000000 0.000000 1.000000
0.528303 -0.104457 -0.842606 2.389744 0.020858 0.993700 -0.110110 81.263176 0.848799 0.040596 0.527154 -0.419667 0.000000 0.000000 0.000000 1.000000
0.543295 -0.090655 -0.834633 2.538293 0.044141 0.995862 -0.079434 81.010376 0.838381 0.006315 0.545049 0.331801 0.000000 0.000000 0.000000 1.000000
0.586343 -0.057684 -0.808006 2.197982 0.066524 0.997521 -0.022940 80.647308 0.807327 -0.040302 0.588727 1.299147 0.000000 0.000000 0.000000 1.000000
0.662946 -0.006244 -0.748641 0.899292 0.081277 0.994655 0.063678 80.149864 0.744243 -0.103062 0.659910 2.169208 0.000000 0.000000 0.000000 1.000000
0.758946 0.053095 -0.648986 -0.984495 0.081999 0.980943 0.176145 79.473854 0.645970 -0.186900 0.740129 2.679179 0.000000 0.000000 0.000000 1.000000
0.849202 0.093388 -0.519744 -1.890085 0.070755 0.955241 0.287244 78.586456 0.523306 -0.280703 0.804585 2.518060 0.000000 0.000000 0.000000 1.000000
0.924003 0.103043 -0.368239 -2.410694 0.051361 0.920836 0.386552 77.470406 0.378919 -0.376089 0.845563 2.067136 0.000000 0.000000 0.000000 1.000000
0.980100 0.069940 -0.185778 -2.777227 0.023513 0.888385 0.458497 76.186363 0.197109 -0.453741 0.869061 1.043593 0.000000 0.000000 0.000000 1.000000
0.999069 0.036809 -0.022520 -2.985300 -0.020815 0.868245 0.495698 74.689301 0.037799 -0.494768 0.868203 -0.990984 0.000000 0.000000 0.000000 1.000000
0.988562 0.005241 0.150723 -3.384890 -0.084941 0.845158 0.527724 72.117859 -0.124619 -0.534491 0.835936 -3.950423 0.000000 0.000000 0.000000 1.000000
0.951927 -0.028730 0.304974 -4.538020 -0.152868 0.818205 0.554231 67.920723 -0.265454 -0.574208 0.774480 -7.740069 0.000000 0.000000 0.000000 1.000000
0.906701 -0.068719 0.416138 -6.452675 -0.200716 0.797454 0.569017 62.474335 -0.370953 -0.599454 0.709259 -12.366057 0.000000 0.000000 0.000000 1.000000
0.857264 -0.100393 0.504995 -8.789869 -0.247200 0.780117 0.574725 56.441319 -0.451654 -0.617526 0.643949 -17.208652 0.000000 0.000000 0.000000 1.000000
0.818152 -0.113362 0.563717 -11.046432 -0.292462 0.762047 0.577711 49.311584 -0.495069 -0.637522 0.590316 -21.509598 0.000000 0.000000 0.000000 1.000000
0.797522 -0.123046 0.590608 -12.962348 -0.323863 0.738636 0.591211 41.280926 -0.508990 -0.662780 0.549229 -25.590229 0.000000 0.000000 0.000000 1.000000
0.782129 -0.136168 0.608057 -14.465612 -0.351633 0.709157 0.611105 32.940041 -0.514421 -0.691776 0.506771 -29.272045 0.000000 0.000000 0.000000 1.000000
0.770107 -0.147405 0.620651 -15.572240 -0.391223 0.659352 0.642028 24.486336 -0.503865 -0.737243 0.450103 -31.790342 0.000000 0.000000 0.000000 1.000000
0.722225 -0.170476 0.670320 -16.617645 -0.485932 0.564607 0.667150 18.582836 -0.492200 -0.807563 0.324933 -34.038364 0.000000 0.000000 0.000000 1.000000
0.727298 -0.252939 0.638012 -17.130270 -0.522215 0.399259 0.753581 18.013247 -0.445342 -0.881257 0.158292 -36.391621 0.000000 0.000000 0.000000 1.000000
0.769649 -0.297193 0.565080 -16.990978 -0.510325 0.245510 0.824193 17.324776 -0.383677 -0.922714 0.037291 -38.596737 0.000000 0.000000 0.000000 1.000000
0.739446 -0.264131 0.619236 -16.585279 -0.602058 0.152134 0.783825 17.142025 -0.301240 -0.952413 -0.046527 -40.804550 0.000000 0.000000 0.000000 1.000000
0.728137 -0.292252 0.620004 -16.642893 -0.626177 0.084277 0.775112 17.475311 -0.278781 -0.952621 -0.121636 -42.326355 0.000000 0.000000 0.000000 1.000000
0.728141 -0.378307 0.571571 -16.949734 -0.635778 -0.061180 0.769443 18.127691 -0.256117 -0.923656 -0.285067 -43.345665 0.000000 0.000000 0.000000 1.000000
0.736723 -0.410078 0.537657 -16.775623 -0.654577 -0.233059 0.719175 19.082745 -0.169611 -0.881771 -0.440128 -44.994175 0.000000 0.000000 0.000000 1.000000
0.740463 -0.439076 0.508848 -16.346886 -0.656815 -0.312204 0.686384 20.134737 -0.142511 -0.842461 -0.519567 -47.256752 0.000000 0.000000 0.000000 1.000000
0.756935 -0.459725 0.464438 -15.646659 -0.635155 -0.350385 0.688337 22.723282 -0.153714 -0.816016 -0.557216 -49.467030 0.000000 0.000000 0.000000 1.000000
0.778506 -0.458165 0.428968 -14.726880 -0.612550 -0.405682 0.678384 25.718813 -0.136787 -0.790890 -0.596475 -51.572166 0.000000 0.000000 0.000000 1.000000
0.792684 -0.451814 0.409287 -14.048615 -0.599820 -0.458047 0.656056 28.008780 -0.108942 -0.765543 -0.634094 -53.656548 0.000000 0.000000 0.000000 1.000000
0.790193 -0.448891 0.417244 -13.601044 -0.607314 -0.482172 0.631411 29.345150 -0.082252 -0.752334 -0.653626 -55.314919 0.000000 0.000000 0.000000 1.000000
0.788308 -0.451399 0.418103 -13.312936 -0.612046 -0.505707 0.607996 30.048267 -0.063011 -0.735187 -0.674930 -56.808777 0.000000 0.000000 0.000000 1.000000
0.799069 -0.447232 0.401836 -13.239826 -0.598172 -0.523929 0.606373 30.568693 -0.060656 -0.724901 -0.686177 -58.215221 0.000000 0.000000 0.000000 1.000000
0.814652 -0.442246 0.375181 -13.227695 -0.575173 -0.533242 0.620345 31.233541 -0.074283 -0.721159 -0.688775 -59.498283 0.000000 0.000000 0.000000 1.000000
0.823960 -0.439128 0.358130 -13.286943 -0.558044 -0.519112 0.647387 31.272974 -0.098376 -0.733273 -0.672780 -60.588196 0.000000 0.000000 0.000000 1.000000
0.830981 -0.439759 0.340709 -13.177317 -0.539706 -0.488825 0.685395 30.717751 -0.134861 -0.753434 -0.643545 -61.568165 0.000000 0.000000 0.000000 1.000000
0.838343 -0.438536 0.323832 -13.112930 -0.516891 -0.450693 0.727805 29.569937 -0.173220 -0.777536 -0.604511 -62.296604 0.000000 0.000000 0.000000 1.000000
0.851243 -0.429703 0.301231 -13.027605 -0.482017 -0.413300 0.772556 27.895622 -0.207471 -0.802831 -0.558943 -62.637096 0.000000 0.000000 0.000000 1.000000
0.859351 -0.422244 0.288490 -12.886359 -0.454089 -0.370591 0.810226 25.515432 -0.235202 -0.827268 -0.510204 -62.402641 0.000000 0.000000 0.000000 1.000000
0.862488 -0.416662 0.287240 -12.657450 -0.426973 -0.294411 0.854995 22.432863 -0.271678 -0.860067 -0.431829 -62.079582 0.000000 0.000000 0.000000 1.000000
0.860486 -0.414947 0.295606 -12.401224 -0.400396 -0.192003 0.896001 18.740202 -0.315036 -0.889356 -0.331359 -61.411598 0.000000 0.000000 0.000000 1.000000
0.862858 -0.407662 0.298810 -12.238875 -0.358625 -0.077182 0.930285 15.067845 -0.356179 -0.909865 -0.212795 -60.585369 0.000000 0.000000 0.000000 1.000000
0.896228 -0.381754 0.225916 -12.759953 -0.254502 -0.025381 0.966739 14.336596 -0.363323 -0.923915 -0.119904 -59.595512 0.000000 0.000000 0.000000 1.000000
0.910588 -0.347510 0.223755 -13.610793 -0.237092 0.004257 0.971478 14.350396 -0.338550 -0.937667 -0.078516 -58.617218 0.000000 0.000000 0.000000 1.000000
0.905502 -0.370607 0.206678 -13.937104 -0.218314 0.010786 0.975819 14.319258 -0.363875 -0.928727 -0.071142 -57.532513 0.000000 0.000000 0.000000 1.000000
0.906043 -0.398381 0.142755 -14.509256 -0.150430 0.012109 0.988546 14.241633 -0.395547 -0.917140 -0.048957 -56.420692 0.000000 0.000000 0.000000 1.000000
0.911453 -0.405117 0.071651 -15.110025 -0.070801 0.017104 0.997344 14.266206 -0.405266 -0.914105 -0.013093 -55.297119 0.000000 0.000000 0.000000 1.000000
0.903923 -0.421755 0.071035 -15.622869 -0.052593 0.055218 0.997088 14.594741 -0.424449 -0.905027 0.027732 -54.245476 0.000000 0.000000 0.000000 1.000000
0.900727 -0.428159 0.073287 -16.022858 -0.055127 0.054680 0.996981 14.900381 -0.430874 -0.902048 0.025649 -54.024918 0.000000 0.000000 0.000000 1.000000
0.899014 -0.431951 0.072057 -16.228678 -0.057826 0.046010 0.997266 14.914895 -0.434085 -0.900723 0.016386 -54.356735 0.000000 0.000000 0.000000 1.000000
0.898631 -0.433629 0.066549 -16.256361 -0.054969 0.039205 0.997718 14.799236 -0.435249 -0.900238 0.011395 -54.967819 0.000000 0.000000 0.000000 1.000000
0.898991 -0.432544 0.068717 -16.141531 -0.060613 0.032514 0.997632 14.476365 -0.433753 -0.901027 0.003012 -55.411247 0.000000 0.000000 0.000000 1.000000
0.899318 -0.430014 0.079471 -15.962688 -0.074224 0.028993 0.996820 14.117012 -0.430950 -0.902357 -0.005844 -55.783379 0.000000 0.000000 0.000000 1.000000
0.899766 -0.426045 0.094381 -15.789660 -0.095073 0.019695 0.995275 14.001090 -0.425891 -0.904488 -0.022784 -56.303162 0.000000 0.000000 0.000000 1.000000
0.899325 -0.422158 0.114006 -15.599662 -0.121957 0.008226 0.992501 13.965149 -0.419931 -0.906485 -0.044088 -56.763851 0.000000 0.000000 0.000000 1.000000
0.898459 -0.418685 0.132189 -15.371540 -0.146469 -0.001992 0.989213 13.932027 -0.413905 -0.908129 -0.063114 -57.153721 0.000000 0.000000 0.000000 1.000000
0.898258 -0.415161 0.144134 -15.189108 -0.162713 -0.009519 0.986627 13.907851 -0.408237 -0.909698 -0.076103 -57.447029 0.000000 0.000000 0.000000 1.000000
0.897444 -0.413843 0.152734 -15.005660 -0.173758 -0.013390 0.984697 13.895306 -0.405465 -0.910250 -0.083926 -57.593185 0.000000 0.000000 0.000000 1.000000
0.896407 -0.413950 0.158428 -14.875713 -0.179777 -0.012851 0.983624 13.897951 -0.405135 -0.910209 -0.085938 -57.594398 0.000000 0.000000 0.000000 1.000000
0.895541 -0.414690 0.161365 -14.829338 -0.181590 -0.009517 0.983328 13.909706 -0.406241 -0.909913 -0.083826 -57.507957 0.000000 0.000000 0.000000 1.000000
0.894756 -0.416418 0.161271 -14.826389 -0.179515 -0.004739 0.983744 13.925978 -0.408884 -0.909161 -0.078993 -57.368732 0.000000 0.000000 0.000000 1.000000
0.894028 -0.419363 0.157634 -14.885799 -0.173987 -0.000762 0.984748 13.938992 -0.412847 -0.907818 -0.073645 -57.207497 0.000000 0.000000 0.000000 1.000000
0.893461 -0.422817 0.151504 -14.949677 -0.165438 0.003792 0.986213 13.953897 -0.417562 -0.906207 -0.066562 -57.064171 0.000000 0.000000 0.000000 1.000000
0.892852 -0.426441 0.144787 -15.012454 -0.156597 0.007452 0.987634 13.965737 -0.422247 -0.904485 -0.060126 -56.913216 0.000000 0.000000 0.000000 1.000000
0.892676 -0.428656 0.139226 -15.084397 -0.149531 0.009731 0.988709 13.972946 -0.425171 -0.903415 -0.055411 -56.815044 0.000000 0.000000 0.000000 1.000000
0.893049 -0.429239 0.134971 -15.132687 -0.144371 0.010759 0.989465 13.976110 -0.426169 -0.903127 -0.052361 -56.751812 0.000000 0.000000 0.000000 1.000000</float_array><technique_common><accessor source="#Hips-Matrix-animation-output-transform-array" count="67" stride="16"><param type="float4x4"/></accessor></technique_common></source><source id="Hips-Interpolations"><Name_array id="Hips-Interpolations-array" count="67">
 LINEAR LINEAR LINEAR LINEAR LINEAR LINEAR LINEAR LINEAR LINEAR LINEAR LINEAR
LINEAR LINEAR LINEAR LINEAR LINEAR LINEAR LINEAR LINEAR LINEAR LINEAR LINEAR LINEAR
LINEAR LINEAR LINEAR LINEAR LINEAR LINEAR LINEAR LINEAR LINEAR LINEAR LINEAR LINEAR
LINEAR LINEAR LINEAR LINEAR LINEAR LINEAR LINEAR LINEAR LINEAR LINEAR LINEAR LINEAR
LINEAR LINEAR LINEAR LINEAR LINEAR LINEAR LINEAR LINEAR LINEAR LINEAR LINEAR LINEAR
LINEAR LINEAR LINEAR LINEAR LINEAR LINEAR LINEAR LINEAR</Name_array><technique_common><accessor source="#Hips-Interpolations-array" count="67"><param type="name"/></accessor></technique_common></source><sampler id="Hips-Matrix-animation-transform"><input semantic="INPUT" source="#Hips-Matrix-animation-input"/><input semantic="OUTPUT" source="#Hips-Matrix-animation-output-transform"/><input semantic="INTERPOLATION" source="#Hips-Interpolations"/></sampler><channel source="#Hips-Matrix-animation-transform" target="Hips/matrix"/></animation>
    <animation id="Spine-anim" name="Spine"><source id="Spine-Matrix-animation-input"><float_array id="Spine-Matrix-animation-input-array" count="67">

0.000000 0.033333 0.066667 0.100000 0.133333 0.166667 0.200000 0.233333 0.266667 0.300000 0.333333 0.366667 0.400000 0.433333 0.466667 0.500000
0.533333 0.566667 0.600000 0.633333 0.666667 0.700000 0.733333 0.766667 0.800000 0.833333 0.866667 0.900000 0.933333 0.966667 1.000000 1.033333
1.066667 1.100000 1.133333 1.166667 1.200000 1.233333 1.266667 1.300000 1.333333 1.366667 1.400000 1.433333 1.466667 1.500000 1.533333 1.566667
1.600000 1.633333 1.666667 1.700000 1.733333 1.766667 1.800000 1.833333 1.866667 1.900000 1.933333 1.966667 2.000000 2.033333 2.066667 2.100000
2.133333 2.166667 2.200000</float_array><technique_common><accessor source="#Spine-Matrix-animation-input-array" count="67"><param name="TIME" type="float"/></accessor></technique_common></source><source id="Spine-Matrix-animation-output-transform"><float_array id="Spine-Matrix-animation-output-transform-array" count="1072">

0.996724 0.053726 0.060457 -0.000000 -0.045592 0.990636 -0.128692 9.226300 -0.066805 0.125514 0.989840 1.577100 0.000000 0.000000 0.000000 1.000000
0.997137 0.048913 0.057668 0.000000 -0.041347 0.991195 -0.125791 9.226300 -0.063313 0.123046 0.990379 1.577100 0.000000 0.000000 0.000000 1.000000
0.998119 0.036135 0.049515 -0.000000 -0.030079 0.992555 -0.118025 9.226300 -0.053411 0.116313 0.991775 1.577100 0.000000 0.000000 0.000000 1.000000
0.999122 0.017938 0.037853 0.000000 -0.013803 0.994183 -0.106813 9.226300 -0.039548 0.106196 0.993558 1.577100 0.000000 0.000000 0.000000 1.000000
0.999700 -0.003251 0.024258 0.000000 0.005507 0.995604 -0.093500 9.226300 -0.023848 0.093606 0.995324 1.577100 0.000000 0.000000 0.000000 1.000000
0.999632 -0.025052 0.010361 0.000000 0.025795 0.996522 -0.079237 9.226300 -0.008340 0.079475 0.996802 1.577100 0.000000 0.000000 0.000000 1.000000
0.998972 -0.045266 -0.002233 0.000000 0.045025 0.996874 -0.064922 9.226300 0.005165 0.064754 0.997888 1.577100 0.000000 0.000000 0.000000 1.000000
0.998029 -0.061400 -0.012999 0.000000 0.060659 0.996838 -0.051318 9.226300 0.016109 0.050428 0.998598 1.577100 0.000000 0.000000 0.000000 1.000000
0.997551 -0.069505 -0.007806 -0.000000 0.069164 0.996891 -0.037740 9.226300 0.010405 0.037108 0.999257 1.577100 0.000000 0.000000 0.000000 1.000000
0.997634 -0.068703 -0.002455 0.000000 0.068621 0.997332 -0.024887 9.226300 0.004158 0.024660 0.999687 1.577100 0.000000 0.000000 0.000000 1.000000
0.998133 -0.061080 -0.000216 0.000000 0.061075 0.998094 -0.008831 9.226300 0.000755 0.008801 0.999961 1.577100 0.000000 0.000000 0.000000 1.000000
0.998519 -0.054410 0.000169 -0.000000 0.054405 0.998459 0.010899 9.226300 -0.000761 -0.010874 0.999941 1.577100 0.000000 0.000000 0.000000 1.000000
0.998866 -0.047181 -0.006360 0.000000 0.047293 0.998704 0.018823 9.226300 0.005464 -0.019103 0.999803 1.577100 0.000000 0.000000 0.000000 1.000000
0.999112 -0.041343 -0.008121 0.000000 0.041439 0.999069 0.012018 9.226300 0.007616 -0.012344 0.999895 1.577100 0.000000 0.000000 0.000000 1.000000
0.999361 -0.034701 -0.008623 -0.000000 0.034676 0.999394 -0.003001 9.226300 0.008722 0.002700 0.999958 1.577100 0.000000 0.000000 0.000000 1.000000
0.999504 -0.030135 -0.009126 0.000000 0.029932 0.999317 -0.021649 9.226300 0.009772 0.021365 0.999724 1.577100 0.000000 0.000000 0.000000 1.000000
0.999515 -0.030898 -0.003934 0.000000 0.030729 0.998824 -0.037503 9.226300 0.005088 0.037364 0.999289 1.577100 0.000000 0.000000 0.000000 1.000000
0.999458 -0.032499 0.005162 0.000000 0.032723 0.998135 -0.051540 9.226300 -0.003477 0.051681 0.998658 1.577100 0.000000 0.000000 0.000000 1.000000
0.999384 -0.032928 0.012156 -0.000000 0.033625 0.997481 -0.062458 9.226300 -0.010069 0.062828 0.997974 1.577100 0.000000 0.000000 0.000000 1.000000
0.999155 -0.037283 0.017305 -0.000000 0.038462 0.996539 -0.073695 9.226300 -0.014497 0.074298 0.997131 1.577100 0.000000 0.000000 0.000000 1.000000
0.998978 -0.044584 0.007422 0.000000 0.045082 0.994619 -0.093278 9.226300 -0.003224 0.093517 0.995612 1.577100 0.000000 0.000000 0.000000 1.000000
0.999026 -0.040956 0.016397 -0.000000 0.042748 0.990546 -0.130351 9.226300 -0.010903 0.130925 0.991332 1.577100 0.000000 0.000000 0.000000 1.000000
0.999267 -0.024278 0.029588 -0.000000 0.028251 0.989424 -0.142275 9.226300 -0.025821 0.143007 0.989385 1.577100 0.000000 0.000000 0.000000 1.000000
0.999384 -0.031300 0.015877 0.000000 0.033095 0.991039 -0.129407 9.226300 -0.011684 0.129853 0.991464 1.577100 0.000000 0.000000 0.000000 1.000000
0.999422 -0.033983 0.001330 0.000000 0.033896 0.992147 -0.120396 9.226300 0.002772 0.120372 0.992725 1.577100 0.000000 0.000000 0.000000 1.000000
0.999427 -0.033840 0.001070 -0.000000 0.033740 0.992845 -0.114548 9.226300 0.002814 0.114519 0.993417 1.577100 0.000000 0.000000 0.000000 1.000000
0.999195 -0.039025 0.009318 0.000000 0.039824 0.992912 -0.111984 9.226300 -0.004882 0.112265 0.993666 1.577100 0.000000 0.000000 0.000000 1.000000
0.999569 -0.028794 -0.005664 -0.000000 0.027961 0.993084 -0.114027 9.226300 0.008908 0.113819 0.993462 1.577100 0.000000 0.000000 0.000000 1.000000
0.999732 -0.014426 -0.018102 0.000000 0.012249 0.993282 -0.115068 9.226300 0.019640 0.114815 0.993193 1.577100 0.000000 0.000000 0.000000 1.000000
0.999670 -0.017908 -0.018409 0.000000 0.015630 0.992989 -0.117170 9.226300 0.020378 0.116844 0.992941 1.577100 0.000000 0.000000 0.000000 1.000000
0.999336 -0.019441 -0.030826 0.000000 0.015743 0.993128 -0.115970 9.226300 0.032869 0.115407 0.992774 1.577100 0.000000 0.000000 0.000000 1.000000
0.998579 -0.018075 -0.050130 0.000000 0.012521 0.993967 -0.108966 9.226300 0.051797 0.108184 0.992781 1.577100 0.000000 0.000000 0.000000 1.000000
0.997572 -0.014862 -0.068032 0.000000 0.007757 0.994596 -0.103531 9.226300 0.069203 0.102752 0.992297 1.577100 0.000000 0.000000 0.000000 1.000000
0.996849 -0.011342 -0.078512 0.000000 0.003754 0.995362 -0.096125 9.226300 0.079238 0.095528 0.992268 1.577100 0.000000 0.000000 0.000000 1.000000
0.996532 -0.007823 -0.082840 0.000000 0.000458 0.996072 -0.088549 9.226300 0.083207 0.088204 0.992621 1.577100 0.000000 0.000000 0.000000 1.000000
0.996548 -0.005146 -0.082861 -0.000000 -0.001396 0.996897 -0.078711 9.226300 0.083009 0.078555 0.993448 1.577100 0.000000 0.000000 0.000000 1.000000
0.996832 -0.002285 -0.079501 0.000000 -0.003061 0.997745 -0.067053 9.226300 0.079475 0.067084 0.994577 1.577100 0.000000 0.000000 0.000000 1.000000
0.997165 -0.001641 -0.075230 0.000000 -0.002753 0.998297 -0.058264 9.226300 0.075198 0.058306 0.995463 1.577100 0.000000 0.000000 0.000000 1.000000
0.997587 -0.005993 -0.069166 -0.000000 0.002228 0.998517 -0.054388 9.226300 0.069390 0.054102 0.996121 1.577100 0.000000 0.000000 0.000000 1.000000
0.998033 -0.008142 -0.062160 -0.000000 0.005199 0.998864 -0.047359 9.226300 0.062475 0.046943 0.996942 1.577100 0.000000 0.000000 0.000000 1.000000
0.998462 -0.008826 -0.054738 -0.000000 0.006798 0.999288 -0.037124 9.226300 0.055027 0.036695 0.997810 1.577100 0.000000 0.000000 0.000000 1.000000
0.998823 -0.006605 -0.048049 0.000000 0.005478 0.999707 -0.023560 9.226300 0.048190 0.023269 0.998567 1.577100 0.000000 0.000000 0.000000 1.000000
0.999250 -0.004122 -0.038507 -0.000000 0.003898 0.999975 -0.005885 9.226300 0.038530 0.005731 0.999241 1.577100 0.000000 0.000000 0.000000 1.000000
0.999593 -0.007204 -0.027589 0.000000 0.007269 0.999971 0.002255 9.226300 0.027572 -0.002454 0.999617 1.577100 0.000000 0.000000 0.000000 1.000000
0.999329 -0.012644 -0.034379 0.000000 0.012956 0.999877 0.008848 9.226300 0.034263 -0.009287 0.999370 1.577100 0.000000 0.000000 0.000000 1.000000
0.999383 -0.002866 -0.035012 -0.000000 0.003109 0.999971 0.006885 9.226300 0.034991 -0.006990 0.999363 1.577100 0.000000 0.000000 0.000000 1.000000
0.999645 0.012862 -0.023334 0.000000 -0.012757 0.999908 0.004616 9.226300 0.023391 -0.004317 0.999717 1.577100 0.000000 0.000000 0.000000 1.000000
0.999770 0.020599 -0.005974 0.000000 -0.020536 0.999734 0.010452 9.226300 0.006187 -0.010327 0.999928 1.577100 0.000000 0.000000 0.000000 1.000000
0.999586 0.028680 -0.002469 0.000000 -0.028621 0.999363 0.021324 9.226300 0.003079 -0.021244 0.999770 1.577100 0.000000 0.000000 0.000000 1.000000
0.999425 0.033739 -0.003478 -0.000000 -0.033656 0.999196 0.021807 9.226300 0.004211 -0.021678 0.999756 1.577100 0.000000 0.000000 0.000000 1.000000
0.999329 0.036239 -0.005263 0.000000 -0.036138 0.999180 0.018238 9.226300 0.005920 -0.018036 0.999820 1.577100 0.000000 0.000000 0.000000 1.000000
0.999343 0.036049 -0.003791 -0.000000 -0.035986 0.999231 0.015557 9.226300 0.004349 -0.015411 0.999872 1.577100 0.000000 0.000000 0.000000 1.000000
0.999415 0.033876 -0.004767 0.000000 -0.033814 0.999349 0.012543 9.226300 0.005188 -0.012375 0.999910 1.577100 0.000000 0.000000 0.000000 1.000000
0.999461 0.031968 -0.007459 -0.000000 -0.031891 0.999439 0.010195 9.226300 0.007781 -0.009952 0.999920 1.577100 0.000000 0.000000 0.000000 1.000000
0.999540 0.028421 -0.010572 0.000000 -0.028360 0.999581 0.005827 9.226300 0.010733 -0.005524 0.999927 1.577100 0.000000 0.000000 0.000000 1.000000
0.999579 0.025207 -0.014363 -0.000000 -0.025181 0.999681 0.001978 9.226300 0.014408 -0.001616 0.999895 1.577100 0.000000 0.000000 0.000000 1.000000
0.999596 0.021871 -0.018133 -0.000000 -0.021903 0.999759 -0.001562 9.226300 0.018095 0.001958 0.999834 1.577100 0.000000 0.000000 0.000000 1.000000
0.999635 0.018001 -0.020127 -0.000000 -0.018089 0.999828 -0.004186 9.226300 0.020048 0.004548 0.999789 1.577100 0.000000 0.000000 0.000000 1.000000
0.999637 0.015504 -0.022055 0.000000 -0.015647 0.999858 -0.006283 9.226300 0.021955 0.006626 0.999737 1.577100 0.000000 0.000000 0.000000 1.000000
0.999628 0.014673 -0.023004 -0.000000 -0.014819 0.999871 -0.006203 9.226300 0.022910 0.006541 0.999716 1.577100 0.000000 0.000000 0.000000 1.000000
0.999626 0.015049 -0.022824 0.000000 -0.015166 0.999873 -0.004943 9.226300 0.022747 0.005287 0.999727 1.577100 0.000000 0.000000 0.000000 1.000000
0.999620 0.016499 -0.022069 0.000000 -0.016570 0.999858 -0.003020 9.226300 0.022016 0.003384 0.999752 1.577100 0.000000 0.000000 0.000000 1.000000
0.999613 0.018319 -0.020958 0.000000 -0.018375 0.999828 -0.002495 9.226300 0.020909 0.002879 0.999777 1.577100 0.000000 0.000000 0.000000 1.000000
0.999616 0.020321 -0.018832 0.000000 -0.020351 0.999792 -0.001401 9.226300 0.018799 0.001784 0.999822 1.577100 0.000000 0.000000 0.000000 1.000000
0.999601 0.022442 -0.017170 0.000000 -0.022456 0.999748 -0.000571 9.226300 0.017152 0.000956 0.999852 1.577100 0.000000 0.000000 0.000000 1.000000
0.999583 0.024008 -0.016054 0.000000 -0.024016 0.999712 -0.000290 9.226300 0.016043 0.000676 0.999871 1.577100 0.000000 0.000000 0.000000 1.000000
0.999585 0.024648 -0.014939 0.000000 -0.024648 0.999696 0.000150 9.226300 0.014938 0.000218 0.999888 1.577100 0.000000 0.000000 0.000000 1.000000</float_array><technique_common><accessor source="#Spine-Matrix-animation-output-transform-array" count="67" stride="16"><param type="float4x4"/></accessor></technique_common></source><source id="Spine-Interpolations"><Name_array id="Spine-Interpolations-array" count="67">
 LINEAR LINEAR LINEAR LINEAR LINEAR LINEAR LINEAR LINEAR LINEAR LINEAR LINEAR
LINEAR LINEAR LINEAR LINEAR LINEAR LINEAR LINEAR LINEAR LINEAR LINEAR LINEAR LINEAR
LINEAR LINEAR LINEAR LINEAR LINEAR LINEAR LINEAR LINEAR LINEAR LINEAR LINEAR LINEAR
LINEAR LINEAR LINEAR LINEAR LINEAR LINEAR LINEAR LINEAR LINEAR LINEAR LINEAR LINEAR
LINEAR LINEAR LINEAR LINEAR LINEAR LINEAR LINEAR LINEAR LINEAR LINEAR LINEAR LINEAR
LINEAR LINEAR LINEAR LINEAR LINEAR LINEAR LINEAR LINEAR</Name_array><technique_common><accessor source="#Spine-Interpolations-array" count="67"><param type="name"/></accessor></technique_common></source><sampler id="Spine-Matrix-animation-transform"><input semantic="INPUT" source="#Spine-Matrix-animation-input"/><input semantic="OUTPUT" source="#Spine-Matrix-animation-output-transform"/><input semantic="INTERPOLATION" source="#Spine-Interpolations"/></sampler><channel source="#Spine-Matrix-animation-transform" target="Spine/matrix"/></animation>
    <animation id="Spine1-anim" name="Spine1"><source id="Spine1-Matrix-animation-input"><float_array id="Spine1-Matrix-animation-input-array" count="67">

0.000000 0.033333 0.066667 0.100000 0.133333 0.166667 0.200000 0.233333 0.266667 0.300000 0.333333 0.366667 0.400000 0.433333 0.466667 0.500000
0.533333 0.566667 0.600000 0.633333 0.666667 0.700000 0.733333 0.766667 0.800000 0.833333 0.866667 0.900000 0.933333 0.966667 1.000000 1.033333
1.066667 1.100000 1.133333 1.166667 1.200000 1.233333 1.266667 1.300000 1.333333 1.366667 1.400000 1.433333 1.466667 1.500000 1.533333 1.566667
1.600000 1.633333 1.666667 1.700000 1.733333 1.766667 1.800000 1.833333 1.866667 1.900000 1.933333 1.966667 2.000000 2.033333 2.066667 2.100000
2.133333 2.166667 2.200000</float_array><technique_common><accessor source="#Spine1-Matrix-animation-input-array" count="67"><param name="TIME" type="float"/></accessor></technique_common></source><source id="Spine1-Matrix-animation-output-transform"><float_array id="Spine1-Matrix-animation-output-transform-array" count="1072">

0.998870 -0.040557 0.024792 -0.000000 0.041083 0.998933 -0.021097 16.254000 -0.023910 0.022091 0.999470 -0.165600 0.000000 0.000000 0.000000 1.000000
0.998908 -0.043954 0.015865 0.000000 0.044350 0.998691 -0.025491 16.254000 -0.014724 0.026167 0.999549 -0.165600 0.000000 0.000000 0.000000 1.000000
0.998573 -0.053028 -0.006355 0.000000 0.052759 0.997927 -0.036862 16.254000 0.008297 0.036474 0.999300 -0.165600 0.000000 0.000000 0.000000 1.000000
0.997192 -0.066139 -0.035124 0.000000 0.064244 0.996548 -0.052590 16.254000 0.038481 0.050186 0.997998 -0.165600 0.000000 0.000000 0.000000 1.000000
0.994625 -0.081647 -0.063683 0.000000 0.077172 0.994570 -0.069818 16.254000 0.069038 0.064528 0.995525 -0.165600 0.000000 0.000000 0.000000 1.000000
0.991531 -0.097916 -0.085320 0.000000 0.090646 0.992225 -0.085278 16.254000 0.093006 0.076822 0.992697 -0.165600 0.000000 0.000000 0.000000 1.000000
0.989156 -0.113323 -0.093426 0.000000 0.104418 0.989961 -0.095263 16.254000 0.103283 0.084474 0.991058 -0.165600 0.000000 0.000000 0.000000 1.000000
0.989801 -0.124889 -0.068538 -0.000000 0.118310 0.988625 -0.092865 16.254000 0.079356 0.083809 0.993317 -0.165600 0.000000 0.000000 0.000000 1.000000
0.990726 -0.133330 -0.026189 0.000000 0.131116 0.988659 -0.073230 16.254000 0.035656 0.069117 0.996971 -0.165600 0.000000 0.000000 0.000000 1.000000
0.990279 -0.139004 0.005053 0.000000 0.139083 0.989045 -0.049451 16.254000 0.001876 0.049673 0.998764 -0.165600 0.000000 0.000000 0.000000 1.000000
0.992256 -0.123579 0.012507 0.000000 0.123785 0.992159 -0.017265 16.254000 -0.010276 0.018680 0.999773 -0.165600 0.000000 0.000000 0.000000 1.000000
0.994056 -0.108030 0.013501 0.000000 0.107716 0.993935 0.022161 16.254000 -0.015813 -0.020575 0.999663 -0.165600 0.000000 0.000000 0.000000 1.000000
0.995870 -0.090790 0.000041 -0.000000 0.090724 0.995164 0.037654 16.254000 -0.003459 -0.037495 0.999291 -0.165600 0.000000 0.000000 0.000000 1.000000
0.997078 -0.076285 -0.004015 0.000000 0.076360 0.996792 0.023992 16.254000 0.002172 -0.024228 0.999704 -0.165600 0.000000 0.000000 0.000000 1.000000
0.998171 -0.060144 -0.006084 0.000000 0.060107 0.998174 -0.006037 16.254000 0.006436 0.005660 0.999963 -0.165600 0.000000 0.000000 0.000000 1.000000
0.998669 -0.050732 -0.009293 -0.000000 0.050284 0.997794 -0.043337 16.254000 0.011471 0.042812 0.999017 -0.165600 0.000000 0.000000 0.000000 1.000000
0.998731 -0.050356 -0.000950 -0.000000 0.050143 0.995927 -0.074935 16.254000 0.004720 0.074792 0.997188 -0.165600 0.000000 0.000000 0.000000 1.000000
0.998572 -0.051171 0.015328 0.000000 0.052480 0.993315 -0.102819 16.254000 -0.009965 0.103477 0.994582 -0.165600 0.000000 0.000000 0.000000 1.000000
0.998209 -0.052919 0.027889 0.000000 0.055995 0.990647 -0.124428 16.254000 -0.021044 0.125767 0.991837 -0.165600 0.000000 0.000000 0.000000 1.000000
0.997385 -0.062112 0.036963 0.000000 0.066898 0.986908 -0.146756 16.254000 -0.027363 0.148845 0.988482 -0.165600 0.000000 0.000000 0.000000 1.000000
0.996845 -0.077208 0.018400 -0.000000 0.079259 0.980598 -0.179291 16.254000 -0.004200 0.180184 0.983624 -0.165600 0.000000 0.000000 0.000000 1.000000
0.998286 -0.047198 0.034593 0.000000 0.054119 0.969505 -0.239023 16.254000 -0.022257 0.240485 0.970398 -0.165600 0.000000 0.000000 0.000000 1.000000
0.998116 -0.020721 0.057758 0.000000 0.035503 0.962725 -0.268143 16.254000 -0.050049 0.269688 0.961646 -0.165600 0.000000 0.000000 0.000000 1.000000
0.997847 -0.054571 0.036392 0.000000 0.062475 0.959725 -0.273906 16.254000 -0.019979 0.275590 0.961068 -0.165600 0.000000 0.000000 0.000000 1.000000
0.995871 -0.089665 0.014186 0.000000 0.089974 0.954130 -0.285554 16.254000 0.012069 0.285651 0.958258 -0.165600 0.000000 0.000000 0.000000 1.000000
0.994118 -0.106946 0.017077 -0.000000 0.107513 0.955555 -0.274511 16.254000 0.013040 0.274733 0.961432 -0.165600 0.000000 0.000000 0.000000 1.000000
0.992012 -0.120151 0.038415 0.000000 0.126102 0.952275 -0.277977 16.254000 -0.003183 0.280601 0.959819 -0.165600 0.000000 0.000000 0.000000 1.000000
0.994532 -0.104283 0.005602 0.000000 0.101468 0.952213 -0.288086 16.254000 0.024708 0.287080 0.957588 -0.165600 0.000000 0.000000 0.000000 1.000000
0.996020 -0.085449 -0.025337 0.000000 0.073961 0.951069 -0.299996 16.254000 0.049731 0.296928 0.953604 -0.165600 0.000000 0.000000 0.000000 1.000000
0.994983 -0.097189 -0.023716 -0.000000 0.085222 0.947603 -0.307874 16.254000 0.052396 0.304308 0.951132 -0.165600 0.000000 0.000000 0.000000 1.000000
0.991929 -0.118022 -0.046346 0.000000 0.097053 0.941934 -0.321468 16.254000 0.081595 0.314375 0.945786 -0.165600 0.000000 0.000000 0.000000 1.000000
0.988736 -0.122583 -0.085879 -0.000000 0.090146 0.945760 -0.312109 16.254000 0.119481 0.300852 0.946157 -0.165600 0.000000 0.000000 0.000000 1.000000
0.984974 -0.120246 -0.123963 -0.000000 0.077188 0.948619 -0.306861 16.254000 0.154493 0.292682 0.943647 -0.165600 0.000000 0.000000 0.000000 1.000000
0.982607 -0.112509 -0.147735 -0.000000 0.064472 0.952768 -0.296777 16.254000 0.174147 0.282091 0.943450 -0.165600 0.000000 0.000000 0.000000 1.000000
0.982043 -0.100630 -0.159576 0.000000 0.051963 0.957423 -0.283975 16.254000 0.181358 0.270584 0.945460 -0.165600 0.000000 0.000000 0.000000 1.000000
0.982794 -0.088993 -0.161850 0.000000 0.043005 0.962442 -0.268059 16.254000 0.179626 0.256486 0.949710 -0.165600 0.000000 0.000000 0.000000 1.000000
0.984667 -0.075079 -0.157461 -0.000000 0.034329 0.968391 -0.247065 16.254000 0.171033 0.237871 0.956120 -0.165600 0.000000 0.000000 0.000000 1.000000
0.986493 -0.065953 -0.149941 0.000000 0.030073 0.972725 -0.230004 16.254000 0.161021 0.222388 0.961570 -0.165600 0.000000 0.000000 0.000000 1.000000
0.988538 -0.066290 -0.135642 0.000000 0.035564 0.975409 -0.217514 16.254000 0.146726 0.210196 0.966586 -0.165600 0.000000 0.000000 0.000000 1.000000
0.990230 -0.069903 -0.120656 0.000000 0.043711 0.977268 -0.207452 16.254000 0.132415 0.200151 0.970776 -0.165600 0.000000 0.000000 0.000000 1.000000
0.991919 -0.071574 -0.104754 -0.000000 0.051199 0.981278 -0.185666 16.254000 0.116082 0.178802 0.977013 -0.165600 0.000000 0.000000 0.000000 1.000000
0.993422 -0.068859 -0.091492 0.000000 0.053799 0.985985 -0.157924 16.254000 0.101084 0.151963 0.983203 -0.165600 0.000000 0.000000 0.000000 1.000000
0.995215 -0.065498 -0.072509 -0.000000 0.056432 0.991083 -0.120703 16.254000 0.079769 0.116034 0.990037 -0.165600 0.000000 0.000000 0.000000 1.000000
0.995790 -0.078164 -0.047883 -0.000000 0.072426 0.991101 -0.111684 16.254000 0.056187 0.107746 0.992589 -0.165600 0.000000 0.000000 0.000000 1.000000
0.993703 -0.097010 -0.056057 -0.000000 0.090754 0.990319 -0.105037 16.254000 0.065704 0.099288 0.992887 -0.165600 0.000000 0.000000 0.000000 1.000000
0.995823 -0.067683 -0.061280 0.000000 0.060521 0.991862 -0.112015 16.254000 0.068363 0.107839 0.991815 -0.165600 0.000000 0.000000 0.000000 1.000000
0.998590 -0.028078 -0.045062 -0.000000 0.023201 0.994167 -0.105330 16.254000 0.047757 0.104136 0.993416 -0.165600 0.000000 0.000000 0.000000 1.000000
0.999853 -0.007316 -0.015502 0.000000 0.006082 0.996917 -0.078226 16.254000 0.016026 0.078120 0.996815 -0.165600 0.000000 0.000000 0.000000 1.000000
0.999646 0.023384 -0.012700 -0.000000 -0.023780 0.999207 -0.031924 16.254000 0.011943 0.032214 0.999410 -0.165600 0.000000 0.000000 0.000000 1.000000
0.999170 0.036317 -0.018427 0.000000 -0.036996 0.998594 -0.037967 16.254000 0.017022 0.038617 0.999109 -0.165600 0.000000 0.000000 0.000000 1.000000
0.998858 0.043713 -0.019295 0.000000 -0.044532 0.998024 -0.044320 16.254000 0.017319 0.045129 0.998831 -0.165600 0.000000 0.000000 0.000000 1.000000
0.998739 0.047290 -0.016839 0.000000 -0.048040 0.997723 -0.047340 16.254000 0.014562 0.048089 0.998737 -0.165600 0.000000 0.000000 0.000000 1.000000
0.998814 0.044824 -0.019022 0.000000 -0.045822 0.997391 -0.055776 16.254000 0.016472 0.056582 0.998262 -0.165600 0.000000 0.000000 0.000000 1.000000
0.998962 0.038277 -0.024695 -0.000000 -0.039827 0.997048 -0.065645 16.254000 0.022109 0.066561 0.997537 -0.165600 0.000000 0.000000 0.000000 1.000000
0.999056 0.031324 -0.030110 0.000000 -0.033529 0.996561 -0.075779 16.254000 0.027633 0.076717 0.996670 -0.165600 0.000000 0.000000 0.000000 1.000000
0.999049 0.023210 -0.036912 0.000000 -0.026364 0.995824 -0.087402 16.254000 0.034729 0.088292 0.995489 -0.165600 0.000000 0.000000 0.000000 1.000000
0.999000 0.014506 -0.042290 0.000000 -0.018571 0.995075 -0.097373 16.254000 0.040669 0.098061 0.994349 -0.165600 0.000000 0.000000 0.000000 1.000000
0.998964 0.007588 -0.044865 0.000000 -0.012238 0.994471 -0.104297 16.254000 0.043826 0.104738 0.993534 -0.165600 0.000000 0.000000 0.000000 1.000000
0.998872 0.002971 -0.047392 0.000000 -0.008028 0.994239 -0.106885 16.254000 0.046802 0.107145 0.993141 -0.165600 0.000000 0.000000 0.000000 1.000000
0.998799 0.000792 -0.048994 0.000000 -0.005985 0.994354 -0.105949 16.254000 0.048634 0.106115 0.993164 -0.165600 0.000000 0.000000 0.000000 1.000000
0.998799 0.001045 -0.048992 0.000000 -0.006081 0.994687 -0.102770 16.254000 0.048624 0.102945 0.993498 -0.165600 0.000000 0.000000 0.000000 1.000000
0.998821 0.003035 -0.048454 0.000000 -0.007808 0.995096 -0.098608 16.254000 0.047917 0.098870 0.993946 -0.165600 0.000000 0.000000 0.000000 1.000000
0.998889 0.007676 -0.046491 -0.000000 -0.012050 0.995449 -0.094536 16.254000 0.045554 0.094991 0.994435 -0.165600 0.000000 0.000000 0.000000 1.000000
0.998994 0.013216 -0.042862 0.000000 -0.017049 0.995767 -0.090320 16.254000 0.041487 0.090960 0.994990 -0.165600 0.000000 0.000000 0.000000 1.000000
0.999016 0.018483 -0.040306 -0.000000 -0.021935 0.995970 -0.086963 16.254000 0.038536 0.087762 0.995396 -0.165600 0.000000 0.000000 0.000000 1.000000
0.999014 0.022220 -0.038435 -0.000000 -0.025412 0.996087 -0.084650 16.254000 0.036404 0.085544 0.995669 -0.165600 0.000000 0.000000 0.000000 1.000000
0.999042 0.023835 -0.036715 -0.000000 -0.026847 0.996117 -0.083851 16.254000 0.034573 0.084757 0.995802 -0.165600 0.000000 0.000000 0.000000 1.000000</float_array><technique_common><accessor source="#Spine1-Matrix-animation-output-transform-array" count="67" stride="16"><param type="float4x4"/></accessor></technique_common></source><source id="Spine1-Interpolations"><Name_array id="Spine1-Interpolations-array" count="67">
 LINEAR LINEAR LINEAR LINEAR LINEAR LINEAR LINEAR LINEAR LINEAR LINEAR LINEAR
LINEAR LINEAR LINEAR LINEAR LINEAR LINEAR LINEAR LINEAR LINEAR LINEAR LINEAR LINEAR
LINEAR LINEAR LINEAR LINEAR LINEAR LINEAR LINEAR LINEAR LINEAR LINEAR LINEAR LINEAR
LINEAR LINEAR LINEAR LINEAR LINEAR LINEAR LINEAR LINEAR LINEAR LINEAR LINEAR LINEAR
LINEAR LINEAR LINEAR LINEAR LINEAR LINEAR LINEAR LINEAR LINEAR LINEAR LINEAR LINEAR
LINEAR LINEAR LINEAR LINEAR LINEAR LINEAR LINEAR LINEAR</Name_array><technique_common><accessor source="#Spine1-Interpolations-array" count="67"><param type="name"/></accessor></technique_common></source><sampler id="Spine1-Matrix-animation-transform"><input semantic="INPUT" source="#Spine1-Matrix-animation-input"/><input semantic="OUTPUT" source="#Spine1-Matrix-animation-output-transform"/><input semantic="INTERPOLATION" source="#Spine1-Interpolations"/></sampler><channel source="#Spine1-Matrix-animation-transform" target="Spine1/matrix"/></animation>
    <animation id="Spine2-anim" name="Spine2"><source id="Spine2-Matrix-animation-input"><float_array id="Spine2-Matrix-animation-input-array" count="67">

0.000000 0.033333 0.066667 0.100000 0.133333 0.166667 0.200000 0.233333 0.266667 0.300000 0.333333 0.366667 0.400000 0.433333 0.466667 0.500000
0.533333 0.566667 0.600000 0.633333 0.666667 0.700000 0.733333 0.766667 0.800000 0.833333 0.866667 0.900000 0.933333 0.966667 1.000000 1.033333
1.066667 1.100000 1.133333 1.166667 1.200000 1.233333 1.266667 1.300000 1.333333 1.366667 1.400000 1.433333 1.466667 1.500000 1.533333 1.566667
1.600000 1.633333 1.666667 1.700000 1.733333 1.766667 1.800000 1.833333 1.866667 1.900000 1.933333 1.966667 2.000000 2.033333 2.066667 2.100000
2.133333 2.166667 2.200000</float_array><technique_common><accessor source="#Spine2-Matrix-animation-input-array" count="67"><param name="TIME" type="float"/></accessor></technique_common></source><source id="Spine2-Matrix-animation-output-transform"><float_array id="Spine2-Matrix-animation-output-transform-array" count="1072">

0.999575 -0.018315 0.022668 0.000000 0.018403 0.999824 -0.003651 13.639600 -0.022597 0.004066 0.999736 -1.292300 0.000000 0.000000 0.000000 1.000000
0.999654 -0.022315 0.013908 0.000000 0.022435 0.999712 -0.008533 13.639600 -0.013713 0.008842 0.999867 -1.292300 0.000000 0.000000 0.000000 1.000000
0.999423 -0.033036 -0.007884 0.000000 0.032862 0.999235 -0.021205 13.639600 0.008578 0.020934 0.999744 -1.292300 0.000000 0.000000 0.000000 1.000000
0.998166 -0.048612 -0.036068 0.000000 0.047208 0.998130 -0.038821 13.639600 0.037887 0.037047 0.998595 -1.292300 0.000000 0.000000 0.000000 1.000000
0.995688 -0.067174 -0.063982 0.000000 0.063472 0.996283 -0.058243 13.639600 0.067656 0.053931 0.996250 -1.292300 0.000000 0.000000 0.000000 1.000000
0.992588 -0.086855 -0.085005 0.000000 0.080473 0.993869 -0.075823 13.639600 0.091069 0.068421 0.993491 -1.292300 0.000000 0.000000 0.000000 1.000000
0.990065 -0.105797 -0.092617 -0.000000 0.097764 0.991368 -0.087362 13.639600 0.101060 0.077440 0.991862 -1.292300 0.000000 0.000000 0.000000 1.000000
0.990366 -0.120814 -0.067665 0.000000 0.114844 0.989646 -0.086086 13.639600 0.077365 0.077485 0.993987 -1.292300 0.000000 0.000000 0.000000 1.000000
0.990844 -0.132442 -0.026221 0.000000 0.130351 0.989011 -0.069752 13.639600 0.035171 0.065695 0.997220 -1.292300 0.000000 0.000000 0.000000 1.000000
