<?xml version="1.0" encoding="utf-8"?>
<COLLADA xmlns="http://www.collada.org/2005/11/COLLADASchema" version="1.4.1">
  <asset><contributor><author>Mixamo</author><authoring_tool>COLLADA Mixamo exporter</authoring_tool><comments></comments></contributor><created>2018-12-18T13:51:09Z</created><modified>2018-12-18T13:51:09Z</modified><revision></revision><title></title><unit meter="0.010000"/><up_axis>Y_UP</up_axis></asset>
  <library_animations>
    <animation id="Hips-anim" name="Hips"><source id="Hips-Matrix-animation-input"><float_array id="Hips-Matrix-animation-input-array" count="22">

0.000000 0.033333 0.066667 0.100000 0.133333 0.166667 0.200000 0.233333 0.266667 0.300000 0.333333 0.366667 0.400000 0.433333 0.466667 0.500000
0.533333 0.566667 0.600000 0.633333 0.666667 0.700000</float_array><technique_common><accessor source="#Hips-Matrix-animation-input-array" count="22"><param name="TIME" type="float"/></accessor></technique_common></source><source id="Hips-Matrix-animation-output-transform"><float_array id="Hips-Matrix-animation-output-transform-array" count="352">

0.816601 -0.025596 -0.576635 -4.892008 0.244708 0.920144 0.305699 144.994568 0.522763 -0.390742 0.757654 -7.786417 0.000000 0.000000 0.000000 1.000000
0.838471 -0.026481 -0.544303 -4.863081 0.219055 0.930947 0.292152 140.575928 0.498981 -0.364193 0.786373 -7.239923 0.000000 0.000000 0.000000 1.000000
0.853020 -0.068484 -0.517365 -4.136127 0.200491 0.958281 0.203716 134.991425 0.481830 -0.277501 0.831164 -5.706970 0.000000 0.000000 0.000000 1.000000
0.868721 -0.099696 -0.485165 -3.850142 0.157301 0.984355 0.079385 126.620064 0.469660 -0.145281 0.870812 -2.906729 0.000000 0.000000 0.000000 1.000000
0.913556 -0.087962 -0.397086 -4.198777 0.104979 0.994247 0.021276 113.461258 0.392930 -0.061123 0.917535 1.624218 0.000000 0.000000 0.000000 1.000000
0.955654 -0.036746 -0.292190 -4.495602 0.048221 0.998319 0.032166 95.718643 0.290517 -0.044829 0.955819 5.135011 0.000000 0.000000 0.000000 1.000000
0.978599 -0.069756 -0.193594 -4.869399 0.057318 0.995960 -0.069129 77.974083 0.197634 0.056553 0.978643 4.195941 0.000000 0.000000 0.000000 1.000000
0.957871 -0.190299 -0.215103 -3.402659 0.151854 0.971299 -0.183079 66.912445 0.243769 0.142702 0.959277 2.881524 0.000000 0.000000 0.000000 1.000000
0.928569 -0.283633 -0.239397 -1.271454 0.217659 0.938579 -0.267757 61.033318 0.300638 0.196524 0.933271 1.733497 0.000000 0.000000 0.000000 1.000000
0.897909 -0.322448 -0.299643 0.485651 0.235511 0.927018 -0.291842 58.099327 0.371878 0.191478 0.908318 0.936819 0.000000 0.000000 0.000000 1.000000
0.875701 -0.326966 -0.355305 1.333718 0.228494 0.928847 -0.291606 58.423233 0.425369 0.174174 0.888102 0.620182 0.000000 0.000000 0.000000 1.000000
0.864273 -0.288022 -0.412401 1.258191 0.193416 0.947099 -0.256113 62.145306 0.464351 0.141586 0.874260 0.369021 0.000000 0.000000 0.000000 1.000000
0.857271 -0.233970 -0.458633 0.535221 0.141983 0.963672 -0.226222 68.212440 0.494901 0.128816 0.859348 0.169840 0.000000 0.000000 0.000000 1.000000
0.836881 -0.183200 -0.515817 -0.024002 0.101126 0.977855 -0.183229 75.149033 0.537962 0.101178 0.836875 -0.141597 0.000000 0.000000 0.000000 1.000000
0.812149 -0.134737 -0.567679 -0.204714 0.064518 0.987742 -0.142136 81.484962 0.579872 0.078811 0.810887 -0.476501 0.000000 0.000000 0.000000 1.000000
0.785272 -0.085515 -0.613217 -0.302718 0.036728 0.995106 -0.091738 86.000359 0.618061 0.049517 0.784569 -0.677845 0.000000 0.000000 0.000000 1.000000
0.761021 -0.032949 -0.647890 -0.305391 0.014866 0.999333 -0.033361 88.426468 0.648557 0.015756 0.761003 -0.860638 0.000000 0.000000 0.000000 1.000000
0.742844 0.007364 -0.669424 -0.168603 0.006669 0.999808 0.018400 89.276108 0.669432 -0.018133 0.742652 -0.947098 0.000000 0.000000 0.000000 1.000000
0.736031 0.023963 -0.676524 -0.081924 0.005040 0.999152 0.040874 89.424034 0.676930 -0.033494 0.735285 -0.951807 0.000000 0.000000 0.000000 1.000000
0.732486 0.034865 -0.679889 -0.016443 0.004177 0.998439 0.055701 89.471184 0.680769 -0.043640 0.731197 -0.943458 0.000000 0.000000 0.000000 1.000000
0.730299 0.044143 -0.681700 0.039267 0.003388 0.997664 0.068232 89.491127 0.683119 -0.052140 0.728443 -0.924221 0.000000 0.000000 0.000000 1.000000
0.730031 0.051058 -0.681505 0.068957 0.002633 0.996988 0.077514 89.495872 0.683409 -0.058382 0.727697 -0.877299 0.000000 0.000000 0.000000 1.000000</float_array><technique_common><accessor source="#Hips-Matrix-animation-output-transform-array" count="22" stride="16"><param type="float4x4"/></accessor></technique_common></source><source id="Hips-Interpolations"><Name_array id="Hips-Interpolations-array" count="22">
 LINEAR LINEAR LINEAR LINEAR LINEAR LINEAR LINEAR LINEAR LINEAR LINEAR LINEAR
LINEAR LINEAR LINEAR LINEAR LINEAR LINEAR LINEAR LINEAR LINEAR LINEAR LINEAR</Name_array><technique_common><accessor source="#Hips-Interpolations-array" count="22"><param type="name"/></accessor></technique_common></source><sampler id="Hips-Matrix-animation-transform"><input semantic="INPUT" source="#Hips-Matrix-animation-input"/><input semantic="OUTPUT" source="#Hips-Matrix-animation-output-transform"/><input semantic="INTERPOLATION" source="#Hips-Interpolations"/></sampler><channel source="#Hips-Matrix-animation-transform" target="Hips/matrix"/></animation>
    <animation id="Spine-anim" name="Spine"><source id="Spine-Matrix-animation-input"><float_array id="Spine-Matrix-animation-input-array" count="22">

0.000000 0.033333 0.066667 0.100000 0.133333 0.166667 0.200000 0.233333 0.266667 0.300000 0.333333 0.366667 0.400000 0.433333 0.466667 0.500000
0.533333 0.566667 0.600000 0.633333 0.666667 0.700000</float_array><technique_common><accessor source="#Spine-Matrix-animation-input-array" count="22"><param name="TIME" type="float"/></accessor></technique_common></source><source id="Spine-Matrix-animation-output-transform"><float_array id="Spine-Matrix-animation-output-transform-array" count="352">

0.997346 0.071803 -0.012084 -0.000000 -0.072508 0.964218 -0.255003 9.226300 -0.006659 0.255202 0.966865 1.577100 0.000000 0.000000 0.000000 1.000000
0.998080 0.060367 -0.013857 0.000000 -0.061923 0.967741 -0.244221 9.226300 -0.001333 0.244610 0.969621 1.577100 0.000000 0.000000 0.000000 1.000000
0.998790 0.046481 -0.016070 -0.000000 -0.048813 0.976764 -0.208686 9.226300 0.005997 0.209218 0.977851 1.577100 0.000000 0.000000 0.000000 1.000000
0.999349 0.030858 -0.018676 -0.000000 -0.033417 0.986974 -0.157373 9.226300 0.013576 0.157895 0.987363 1.577100 0.000000 0.000000 0.000000 1.000000
0.999796 0.017247 -0.010559 0.000000 -0.018348 0.993192 -0.115037 9.226300 0.008503 0.115207 0.993305 1.577100 0.000000 0.000000 0.000000 1.000000
0.999959 0.007328 -0.005300 -0.000000 -0.007784 0.995743 -0.091848 9.226300 0.004604 0.091886 0.995759 1.577100 0.000000 0.000000 0.000000 1.000000
0.999989 0.004240 -0.002234 -0.000000 -0.004442 0.995016 -0.099616 9.226300 0.001801 0.099624 0.995023 1.577100 0.000000 0.000000 0.000000 1.000000
0.999948 0.007669 0.006759 0.000000 -0.006731 0.991592 -0.129229 9.226300 -0.007694 0.129176 0.991592 1.577100 0.000000 0.000000 0.000000 1.000000
0.999945 0.000423 0.010467 0.000000 0.001313 0.986245 -0.165287 9.226300 -0.010393 0.165292 0.986190 1.577100 0.000000 0.000000 0.000000 1.000000
0.999801 -0.010991 0.016668 0.000000 0.014088 0.979923 -0.198876 9.226300 -0.014147 0.199072 0.979883 1.577100 0.000000 0.000000 0.000000 1.000000
0.999450 -0.023202 0.023705 -0.000000 0.027859 0.975039 -0.220278 9.226300 -0.018003 0.220817 0.975149 1.577100 0.000000 0.000000 0.000000 1.000000
0.999064 -0.029007 0.032090 0.000000 0.035573 0.973015 -0.227981 9.226300 -0.024611 0.228909 0.973137 1.577100 0.000000 0.000000 0.000000 1.000000
0.998724 -0.031034 0.039840 0.000000 0.038848 0.976180 -0.213458 9.226300 -0.032266 0.214733 0.976140 1.577100 0.000000 0.000000 0.000000 1.000000
0.998609 -0.024654 0.046616 0.000000 0.033148 0.980974 -0.191287 9.226300 -0.041013 0.192566 0.980427 1.577100 0.000000 0.000000 0.000000 1.000000
0.998376 -0.016769 0.054439 0.000000 0.025717 0.985439 -0.168074 9.226300 -0.050828 0.169201 0.984270 1.577100 0.000000 0.000000 0.000000 1.000000
0.997926 -0.007054 0.063982 -0.000000 0.016545 0.988692 -0.149047 9.226300 -0.062207 0.149796 0.986758 1.577100 0.000000 0.000000 0.000000 1.000000
0.997442 0.001934 0.071452 -0.000000 0.007306 0.991639 -0.128835 9.226300 -0.071104 0.129027 0.989089 1.577100 0.000000 0.000000 0.000000 1.000000
0.996993 0.010256 0.076805 0.000000 -0.001443 0.993489 -0.113923 9.226300 -0.077473 0.113469 0.990516 1.577100 0.000000 0.000000 0.000000 1.000000
0.996760 0.015617 0.078898 -0.000000 -0.007004 0.994095 -0.108286 9.226300 -0.080123 0.107383 0.990984 1.577100 0.000000 0.000000 0.000000 1.000000
0.996649 0.019204 0.079514 -0.000000 -0.010772 0.994399 -0.105137 9.226300 -0.081088 0.103929 0.991274 1.577100 0.000000 0.000000 0.000000 1.000000
0.996582 0.021361 0.079797 0.000000 -0.013109 0.994642 -0.102541 9.226300 -0.081560 0.101144 0.991523 1.577100 0.000000 0.000000 0.000000 1.000000
0.996594 0.021689 0.079559 -0.000000 -0.013558 0.994758 -0.101358 9.226300 -0.081340 0.099934 0.991664 1.577100 0.000000 0.000000 0.000000 1.000000</float_array><technique_common><accessor source="#Spine-Matrix-animation-output-transform-array" count="22" stride="16"><param type="float4x4"/></accessor></technique_common></source><source id="Spine-Interpolations"><Name_array id="Spine-Interpolations-array" count="22">
 LINEAR LINEAR LINEAR LINEAR LINEAR LINEAR LINEAR LINEAR LINEAR LINEAR LINEAR
LINEAR LINEAR LINEAR LINEAR LINEAR LINEAR LINEAR LINEAR LINEAR LINEAR LINEAR</Name_array><technique_common><accessor source="#Spine-Interpolations-array" count="22"><param type="name"/></accessor></technique_common></source><sampler id="Spine-Matrix-animation-transform"><input semantic="INPUT" source="#Spine-Matrix-animation-input"/><input semantic="OUTPUT" source="#Spine-Matrix-animation-output-transform"/><input semantic="INTERPOLATION" source="#Spine-Interpolations"/></sampler><channel source="#Spine-Matrix-animation-transform" target="Spine/matrix"/></animation>
    <animation id="Spine1-anim" name="Spine1"><source id="Spine1-Matrix-animation-input"><float_array id="Spine1-Matrix-animation-input-array" count="22">

0.000000 0.033333 0.066667 0.100000 0.133333 0.166667 0.200000 0.233333 0.266667 0.300000 0.333333 0.366667 0.400000 0.433333 0.466667 0.500000
0.533333 0.566667 0.600000 0.633333 0.666667 0.700000</float_array><technique_common><accessor source="#Spine1-Matrix-animation-input-array" count="22"><param name="TIME" type="float"/></accessor></technique_common></source><source id="Spine1-Matrix-animation-output-transform"><float_array id="Spine1-Matrix-animation-output-transform-array" count="352">

0.992710 0.116719 -0.030048 0.000000 -0.116320 0.862549 -0.492422 16.254000 -0.031557 0.492327 0.869838 -0.165600 0.000000 0.000000 0.000000 1.000000
0.995155 0.093260 -0.031124 0.000000 -0.096859 0.875662 -0.473111 16.254000 -0.016868 0.473834 0.880453 -0.165600 0.000000 0.000000 0.000000 1.000000
0.997397 0.064487 -0.032258 0.000000 -0.072040 0.910172 -0.407918 16.254000 0.003055 0.409180 0.912448 -0.165600 0.000000 0.000000 0.000000 1.000000
0.998557 0.038828 -0.037090 0.000000 -0.048453 0.949270 -0.310708 16.254000 0.023144 0.312056 0.949782 -0.165600 0.000000 0.000000 0.000000 1.000000
0.999437 0.025343 -0.021981 0.000000 -0.029700 0.973100 -0.228460 16.254000 0.015600 0.228985 0.973305 -0.165600 0.000000 0.000000 0.000000 1.000000
0.999847 0.015622 -0.007847 -0.000000 -0.016794 0.982991 -0.182883 16.254000 0.004856 0.182986 0.983103 -0.165600 0.000000 0.000000 0.000000 1.000000
0.999914 0.013105 -0.000483 0.000000 -0.012941 0.980069 -0.198234 16.254000 -0.002124 0.198223 0.980155 -0.165600 0.000000 0.000000 0.000000 1.000000
0.999727 0.016718 0.016312 -0.000000 -0.011980 0.966513 -0.256338 16.254000 -0.020051 0.256073 0.966449 -0.165600 0.000000 0.000000 0.000000 1.000000
0.999695 -0.001086 0.024659 0.000000 0.009066 0.945354 -0.325920 16.254000 -0.022957 0.326045 0.945076 -0.165600 0.000000 0.000000 0.000000 1.000000
0.998879 -0.026818 0.038999 -0.000000 0.039905 0.920268 -0.389249 16.254000 -0.025451 0.390369 0.920307 -0.165600 0.000000 0.000000 0.000000 1.000000
0.997119 -0.051221 0.055956 0.000000 0.070318 0.900835 -0.428430 16.254000 -0.028462 0.431130 0.901841 -0.165600 0.000000 0.000000 0.000000 1.000000
0.995445 -0.060462 0.073707 0.000000 0.086950 0.892838 -0.441905 16.254000 -0.039090 0.446301 0.894029 -0.165600 0.000000 0.000000 0.000000 1.000000
0.994279 -0.060312 0.088161 0.000000 0.091683 0.905359 -0.414631 16.254000 -0.054810 0.420342 0.905709 -0.165600 0.000000 0.000000 0.000000 1.000000
0.994151 -0.043559 0.098830 0.000000 0.077617 0.924451 -0.373318 16.254000 -0.075102 0.378805 0.922424 -0.165600 0.000000 0.000000 0.000000 1.000000
0.993396 -0.024745 0.112034 0.000000 0.060636 0.942188 -0.329553 16.254000 -0.097402 0.334170 0.937466 -0.165600 0.000000 0.000000 0.000000 1.000000
0.991624 -0.003710 0.129106 -0.000000 0.041774 0.955075 -0.293405 16.254000 -0.122217 0.296340 0.947230 -0.165600 0.000000 0.000000 0.000000 1.000000
0.989669 0.014743 0.142609 -0.000000 0.022316 0.966733 -0.254812 16.254000 -0.141622 0.255362 0.956417 -0.165600 0.000000 0.000000 0.000000 1.000000
0.987833 0.031031 0.152393 -0.000000 0.004318 0.974042 -0.226326 16.254000 -0.155461 0.224230 0.962056 -0.165600 0.000000 0.000000 0.000000 1.000000
0.986876 0.041476 0.156064 0.000000 -0.006925 0.976433 -0.215712 16.254000 -0.161333 0.211800 0.963905 -0.165600 0.000000 0.000000 0.000000 1.000000
0.986413 0.048416 0.156989 -0.000000 -0.014590 0.977628 -0.209833 16.254000 -0.163637 0.204691 0.965052 -0.165600 0.000000 0.000000 0.000000 1.000000
0.986135 0.052531 0.157411 0.000000 -0.019419 0.978586 -0.204920 16.254000 -0.164805 0.199022 0.966038 -0.165600 0.000000 0.000000 0.000000 1.000000
0.986177 0.053091 0.156961 0.000000 -0.020456 0.979041 -0.202631 16.254000 -0.164429 0.196620 0.966594 -0.165600 0.000000 0.000000 0.000000 1.000000</float_array><technique_common><accessor source="#Spine1-Matrix-animation-output-transform-array" count="22" stride="16"><param type="float4x4"/></accessor></technique_common></source><source id="Spine1-Interpolations"><Name_array id="Spine1-Interpolations-array" count="22">
 LINEAR LINEAR LINEAR LINEAR LINEAR LINEAR LINEAR LINEAR LINEAR LINEAR LINEAR
LINEAR LINEAR LINEAR LINEAR LINEAR LINEAR LINEAR LINEAR LINEAR LINEAR LINEAR</Name_array><technique_common><accessor source="#Spine1-Interpolations-array" count="22"><param type="name"/></accessor></technique_common></source><sampler id="Spine1-Matrix-animation-transform"><input semantic="INPUT" source="#Spine1-Matrix-animation-input"/><input semantic="OUTPUT" source="#Spine1-Matrix-animation-output-transform"/><input semantic="INTERPOLATION" source="#Spine1-Interpolations"/></sampler><channel source="#Spine1-Matrix-animation-transform" target="Spine1/matrix"/></animation>
    <animation id="Spine2-anim" name="Spine2"><source id="Spine2-Matrix-animation-input"><float_array id="Spine2-Matrix-animation-input-array" count="22">

0.000000 0.033333 0.066667 0.100000 0.133333 0.166667 0.200000 0.233333 0.266667 0.300000 0.333333 0.366667 0.400000 0.433333 0.466667 0.500000
0.533333 0.566667 0.600000 0.633333 0.666667 0.700000</float_array><technique_common><accessor source="#Spine2-Matrix-animation-input-array" count="22"><param name="TIME" type="float"/></accessor></technique_common></source><source id="Spine2-Matrix-animation-output-transform"><float_array id="Spine2-Matrix-animation-output-transform-array" count="352">

0.992710 0.116719 -0.030048 -0.000000 -0.116320 0.862549 -0.492422 13.639600 -0.031557 0.492328 0.869838 -1.292300 0.000000 0.000000 0.000000 1.000000
0.995155 0.093260 -0.031124 0.000000 -0.096859 0.875662 -0.473111 13.639600 -0.016868 0.473834 0.880453 -1.292300 0.000000 0.000000 0.000000 1.000000
0.997397 0.064487 -0.032258 0.000000 -0.072040 0.910172 -0.407918 13.639600 0.003055 0.409180 0.912448 -1.292300 0.000000 0.000000 0.000000 1.000000
0.998557 0.038828 -0.037090 0.000000 -0.048453 0.949270 -0.310707 13.639600 0.023144 0.312056 0.949782 -1.292300 0.000000 0.000000 0.000000 1.000000
0.999437 0.025343 -0.021981 0.000000 -0.029700 0.973100 -0.228460 13.639600 0.015600 0.228984 0.973305 -1.292300 0.000000 0.000000 0.000000 1.000000
0.999847 0.015622 -0.007847 -0.000000 -0.016794 0.982991 -0.182883 13.639600 0.004856 0.182986 0.983103 -1.292300 0.000000 0.000000 0.000000 1.000000
0.999914 0.013105 -0.000483 0.000000 -0.012941 0.980069 -0.198234 13.639600 -0.002124 0.198223 0.980155 -1.292300 0.000000 0.000000 0.000000 1.000000
0.999727 0.016718 0.016312 -0.000000 -0.011980 0.966513 -0.256338 13.639600 -0.020051 0.256073 0.966450 -1.292300 0.000000 0.000000 0.000000 1.000000
0.999695 -0.001086 0.024659 0.000000 0.009066 0.945354 -0.325920 13.639600 -0.022957 0.326045 0.945076 -1.292300 0.000000 0.000000 0.000000 1.000000
0.998879 -0.026818 0.038999 0.000000 0.039905 0.920268 -0.389249 13.639600 -0.025451 0.390369 0.920307 -1.292300 0.000000 0.000000 0.000000 1.000000
0.997119 -0.051221 0.055956 -0.000000 0.070318 0.900835 -0.428430 13.639600 -0.028462 0.431131 0.901841 -1.292300 0.000000 0.000000 0.000000 1.000000
0.995445 -0.060462 0.073707 0.000000 0.086950 0.892838 -0.441905 13.639600 -0.039091 0.446301 0.894029 -1.292300 0.000000 0.000000 0.000000 1.000000
0.994279 -0.060312 0.088161 0.000000 0.091683 0.905359 -0.414631 13.639600 -0.054810 0.420342 0.905709 -1.292300 0.000000 0.000000 0.000000 1.000000
0.994151 -0.043559 0.098830 0.000000 0.077617 0.924451 -0.373317 13.639600 -0.075102 0.378805 0.922424 -1.292300 0.000000 0.000000 0.000000 1.000000
0.993396 -0.024745 0.112034 0.000000 0.060636 0.942188 -0.329553 13.639600 -0.097403 0.334170 0.937466 -1.292300 0.000000 0.000000 0.000000 1.000000
0.991624 -0.003710 0.129106 0.000000 0.041774 0.955075 -0.293405 13.639600 -0.122217 0.296340 0.947230 -1.292300 0.000000 0.000000 0.000000 1.000000
0.989669 0.014744 0.142609 0.000000 0.022316 0.966733 -0.254812 13.639600 -0.141622 0.255362 0.956417 -1.292300 0.000000 0.000000 0.000000 1.000000
0.987833 0.031031 0.152393 -0.000000 0.004318 0.974042 -0.226326 13.639600 -0.155461 0.224230 0.962056 -1.292300 0.000000 0.000000 0.000000 1.000000
0.986876 0.041476 0.156064 0.000000 -0.006925 0.976432 -0.215712 13.639600 -0.161333 0.211800 0.963905 -1.292300 0.000000 0.000000 0.000000 1.000000
0.986413 0.048416 0.156990 -0.000000 -0.014590 0.977628 -0.209833 13.639600 -0.163637 0.204691 0.965052 -1.292300 0.000000 0.000000 0.000000 1.000000
0.986135 0.052531 0.157411 0.000000 -0.019419 0.978586 -0.204920 13.639600 -0.164805 0.199022 0.966038 -1.292300 0.000000 0.000000 0.000000 1.000000
0.986177 0.053091 0.156961 0.000000 -0.020456 0.979041 -0.202631 13.639600 -0.164429 0.196620 0.966594 -1.292300 0.000000 0.000000 0.000000 1.000000</float_array><technique_common><accessor source="#Spine2-Matrix-animation-output-transform-array" count="22" stride="16"><param type="float4x4"/></accessor></technique_common></source><source id="Spine2-Interpolations"><Name_array id="Spine2-Interpolations-array" count="22">
 LINEAR LINEAR LINEAR LINEAR LINEAR LINEAR LINEAR LINEAR LINEAR LINEAR LINEAR
LINEAR LINEAR LINEAR LINEAR LINEAR LINEAR LINEAR LINEAR LINEAR LINEAR LINEAR</Name_array><technique_common><accessor source="#Spine2-Interpolations-array" count="22"><param type="name"/></accessor></technique_common></source><sampler id="Spine2-Matrix-animation-transform"><input semantic="INPUT" source="#Spine2-Matrix-animation-input"/><input semantic="OUTPUT" source="#Spine2-Matrix-animation-output-transform"/><input semantic="INTERPOLATION" source="#Spine2-Interpolations"/></sampler><channel source="#Spine2-Matrix-animation-transform" target="Spine2/matrix"/></animation>
    <animation id="Neck-anim" name="Neck"><source id="Neck-Matrix-animation-input"><float_array id="Neck-Matrix-animation-input-array" count="22">

0.000000 0.033333 0.066667 0.100000 0.133333 0.166667 0.200000 0.233333 0.266667 0.300000 0.333333 0.366667 0.400000 0.433333 0.466667 0.500000
0.533333 0.566667 0.600000 0.633333 0.666667 0.700000</float_array><technique_common><accessor source="#Neck-Matrix-animation-input-array" count="22"><param name="TIME" type="float"/></accessor></technique_common></source><source id="Neck-Matrix-animation-output-transform"><float_array id="Neck-Matrix-animation-output-transform-array" count="352">

0.990538 0.113187 0.077608 -0.000000 -0.110959 0.993295 -0.032457 13.877400 -0.080761 0.023538 0.996455 -4.354200 0.000000 0.000000 0.000000 1.000000
0.988722 0.122167 0.086630 0.000000 -0.121582 0.992509 -0.012012 13.877400 -0.087449 0.001344 0.996168 -4.354200 0.000000 0.000000 0.000000 1.000000
0.990629 0.102672 0.090070 0.000000 -0.104709 0.994337 0.018183 13.877400 -0.087693 -0.027444 0.995769 -4.354200 0.000000 0.000000 0.000000 1.000000
0.991054 0.093193 0.095531 -0.000000 -0.097724 0.994245 0.043893 13.877400 -0.090890 -0.052836 0.994458 -4.354200 0.000000 0.000000 0.000000 1.000000
0.994600 0.064894 0.080987 -0.000000 -0.070256 0.995395 0.065212 13.877400 -0.076382 -0.070550 0.994580 -4.354200 0.000000 0.000000 0.000000 1.000000
0.998676 0.026910 0.043846 0.000000 -0.031047 0.994842 0.096566 13.877400 -0.041022 -0.097799 0.994360 -4.354200 0.000000 0.000000 0.000000 1.000000
0.999071 0.041939 0.009877 0.000000 -0.043033 0.982671 0.180293 13.877400 -0.002145 -0.180551 0.983563 -4.354200 0.000000 0.000000 0.000000 1.000000
0.997378 0.071058 -0.013742 0.000000 -0.063394 0.949339 0.307794 13.877400 0.034917 -0.306116 0.951354 -4.354200 0.000000 0.000000 0.000000 1.000000
0.997674 0.050151 -0.046172 0.000000 -0.027761 0.917513 0.396735 13.877400 0.062260 -0.394530 0.916771 -4.354200 0.000000 0.000000 0.000000 1.000000
0.995693 0.028356 -0.088273 -0.000000 0.010413 0.911858 0.410375 13.877400 0.092129 -0.409526 0.907635 -4.354200 0.000000 0.000000 0.000000 1.000000
0.991005 0.037027 -0.128600 0.000000 0.014967 0.924264 0.381461 13.877400 0.132984 -0.379954 0.915396 -4.354200 0.000000 0.000000 0.000000 1.000000
0.985577 0.038226 -0.164851 0.000000 0.017354 0.946187 0.323155 13.877400 0.168333 -0.321355 0.931877 -4.354200 0.000000 0.000000 0.000000 1.000000
0.984711 0.026459 -0.172172 0.000000 0.014192 0.972924 0.230688 13.877400 0.173614 -0.229604 0.957674 -4.354200 0.000000 0.000000 0.000000 1.000000
0.988920 0.015218 -0.147668 -0.000000 0.005687 0.990118 0.140120 13.877400 0.148341 -0.139407 0.979061 -4.354200 0.000000 0.000000 0.000000 1.000000
0.992670 0.008687 -0.120548 0.000000 0.001953 0.996130 0.087867 13.877400 0.120845 -0.087458 0.988811 -4.354200 0.000000 0.000000 0.000000 1.000000
0.995409 0.002682 -0.095679 0.000000 0.004746 0.996995 0.077319 13.877400 0.095599 -0.077418 0.992405 -4.354200 0.000000 0.000000 0.000000 1.000000
0.997827 -0.001706 -0.065865 -0.000000 0.007669 0.995878 0.090381 13.877400 0.065440 -0.090690 0.993727 -4.354200 0.000000 0.000000 0.000000 1.000000
0.999054 -0.002604 -0.043398 -0.000000 0.007003 0.994807 0.101542 13.877400 0.042908 -0.101750 0.993884 -4.354200 0.000000 0.000000 0.000000 1.000000
0.999430 -0.001872 -0.033715 0.000000 0.005114 0.995338 0.096314 13.877400 0.033378 -0.096432 0.994780 -4.354200 0.000000 0.000000 0.000000 1.000000
0.999608 -0.001081 -0.027992 0.000000 0.003490 0.996274 0.086178 13.877400 0.027795 -0.086242 0.995886 -4.354200 0.000000 0.000000 0.000000 1.000000
0.999719 -0.001329 -0.023649 0.000000 0.003200 0.996848 0.079267 13.877400 0.023469 -0.079320 0.996573 -4.354200 0.000000 0.000000 0.000000 1.000000
0.999743 -0.003438 -0.022413 -0.000000 0.005113 0.997160 0.075132 13.877400 0.022091 -0.075228 0.996922 -4.354200 0.000000 0.000000 0.000000 1.000000</float_array><technique_common><accessor source="#Neck-Matrix-animation-output-transform-array" count="22" stride="16"><param type="float4x4"/></accessor></technique_common></source><source id="Neck-Interpolations"><Name_array id="Neck-Interpolations-array" count="22">
 LINEAR LINEAR LINEAR LINEAR LINEAR LINEAR LINEAR LINEAR LINEAR LINEAR LINEAR
LINEAR LINEAR LINEAR LINEAR LINEAR LINEAR LINEAR LINEAR LINEAR LINEAR LINEAR</Name_array><technique_common><accessor source="#Neck-Interpolations-array" count="22"><param type="name"/></accessor></technique_common></source><sampler id="Neck-Matrix-animation-transform"><input semantic="INPUT" source="#Neck-Matrix-animation-input"/><input semantic="OUTPUT" source="#Neck-Matrix-animation-output-transform"/><input semantic="INTERPOLATION" source="#Neck-Interpolations"/></sampler><channel source="#Neck-Matrix-animation-transform" target="Neck/matrix"/></animation>
    <animation id="Neck1-anim" name="Neck1"><source id="Neck1-Matrix-animation-input"><float_array id="Neck1-Matrix-animation-input-array" count="22">

0.000000 0.033333 0.066667 0.100000 0.133333 0.166667 0.200000 0.233333 0.266667 0.300000 0.333333 0.366667 0.400000 0.433333 0.466667 0.500000
0.533333 0.566667 0.600000 0.633333 0.666667 0.700000</float_array><technique_common><accessor source="#Neck1-Matrix-animation-input-array" count="22"><param name="TIME" type="float"/></accessor></technique_common></source><source id="Neck1-Matrix-animation-output-transform"><float_array id="Neck1-Matrix-animation-output-transform-array" count="352">

1.000000 -0.000000 0.000000 0.000000 0.000000 1.000000 0.000000 4.340000 0.000000 -0.000000 1.000000 0.926900 0.000000 0.000000 0.000000 1.000000
1.000000 0.000000 0.000000 0.000000 0.000000 1.000000 0.000000 4.340000 0.000000 0.000000 1.000000 0.926900 0.000000 0.000000 0.000000 1.000000
1.000000 0.000000 0.000000 0.000000 0.000000 1.000000 0.000000 4.340000 -0.000000 -0.000000 1.000000 0.926900 0.000000 0.000000 0.000000 1.000000
1.000000 0.000000 0.000000 0.000000 0.000000 1.000000 0.000000 4.340000 0.000000 -0.000000 1.000000 0.926900 0.000000 0.000000 0.000000 1.000000
1.000000 0.000000 -0.000000 -0.000000 0.000000 1.000000 0.000000 4.340000 0.000000 0.000000 1.000000 0.926900 0.000000 0.000000 0.000000 1.000000
1.000000 -0.000000 -0.000000 0.000000 0.000000 1.000000 0.000000 4.340000 -0.000000 -0.000000 1.000000 0.926900 0.000000 0.000000 0.000000 1.000000
1.000000 0.000000 0.000000 -0.000000 -0.000000 1.000000 -0.000000 4.340000 0.000000 0.000000 1.000000 0.926900 0.000000 0.000000 0.000000 1.000000
1.000000 0.000000 0.000000 -0.000000 -0.000000 1.000000 0.000000 4.340000 -0.000000 -0.000000 1.000000 0.926900 0.000000 0.000000 0.000000 1.000000
1.000000 -0.000000 -0.000000 -0.000000 -0.000000 1.000000 -0.000000 4.340000 0.000000 0.000000 1.000000 0.926900 0.000000 0.000000 0.000000 1.000000
1.000000 0.000000 0.000000 -0.000000 0.000000 1.000000 -0.000000 4.340000 0.000000 0.000000 1.000000 0.926900 0.000000 0.000000 0.000000 1.000000
1.000000 0.000000 -0.000000 0.000000 0.000000 1.000000 -0.000000 4.340000 0.000000 -0.000000 1.000000 0.926900 0.000000 0.000000 0.000000 1.000000
1.000000 0.000000 -0.000000 0.000000 -0.000000 1.000000 0.000000 4.340000 0.000000 0.000000 1.000000 0.926900 0.000000 0.000000 0.000000 1.000000
1.000000 0.000000 0.000000 0.000000 0.000000 1.000000 0.000000 4.340000 0.000000 -0.000000 1.000000 0.926900 0.000000 0.000000 0.000000 1.000000
1.000000 -0.000000 0.000000 0.000000 0.000000 1.000000 0.000000 4.340000 0.000000 0.000000 1.000000 0.926900 0.000000 0.000000 0.000000 1.000000
1.000000 -0.000000 0.000000 0.000000 0.000000 1.000000 -0.000000 4.340000 -0.000000 0.000000 1.000000 0.926900 0.000000 0.000000 0.000000 1.000000
1.000000 0.000000 0.000000 0.000000 0.000000 1.000000 0.000000 4.340000 -0.000000 -0.000000 1.000000 0.926900 0.000000 0.000000 0.000000 1.000000
1.000000 0.000000 0.000000 0.000000 -0.000000 1.000000 -0.000000 4.340000 0.000000 -0.000000 1.000000 0.926900 0.000000 0.000000 0.000000 1.000000
1.000000 -0.000000 0.000000 0.000000 0.000000 1.000000 0.000000 4.340000 0.000000 0.000000 1.000000 0.926900 0.000000 0.000000 0.000000 1.000000
1.000000 -0.000000 -0.000000 0.000000 -0.000000 1.000000 -0.000000 4.340000 0.000000 0.000000 1.000000 0.926900 0.000000 0.000000 0.000000 1.000000
1.000000 -0.000000 -0.000000 -0.000000 -0.000000 1.000000 -0.000000 4.340000 -0.000000 0.000000 1.000000 0.926900 0.000000 0.000000 0.000000 1.000000
1.000000 0.000000 0.000000 0.000000 0.000000 1.000000 0.000000 4.340000 0.000000 -0.000000 1.000000 0.926900 0.000000 0.000000 0.000000 1.000000
1.000000 -0.000000 0.000000 0.000000 0.000000 1.000000 0.000000 4.340000 -0.000000 -0.000000 1.000000 0.926900 0.000000 0.000000 0.000000 1.000000</float_array><technique_common><accessor source="#Neck1-Matrix-animation-output-transform-array" count="22" stride="16"><param type="float4x4"/></accessor></technique_common></source><source id="Neck1-Interpolations"><Name_array id="Neck1-Interpolations-array" count="22">
 LINEAR LINEAR LINEAR LINEAR LINEAR LINEAR LINEAR LINEAR LINEAR LINEAR LINEAR
LINEAR LINEAR LINEAR LINEAR LINEAR LINEAR LINEAR LINEAR LINEAR LINEAR LINEAR</Name_array><technique_common><accessor source="#Neck1-Interpolations-array" count="22"><param type="name"/></accessor></technique_common></source><sampler id="Neck1-Matrix-animation-transform"><input semantic="INPUT" source="#Neck1-Matrix-animation-input"/><input semantic="OUTPUT" source="#Neck1-Matrix-animation-output-transform"/><input semantic="INTERPOLATION" source="#Neck1-Interpolations"/></sampler><channel source="#Neck1-Matrix-animation-transform" target="Neck1/matrix"/></animation>
    <animation id="Head-anim" name="Head"><source id="Head-Matrix-animation-input"><float_array id="Head-Matrix-animation-input-array" count="22">

0.000000 0.033333 0.066667 0.100000 0.133333 0.166667 0.200000 0.233333 0.266667 0.300000 0.333333 0.366667 0.400000 0.433333 0.466667 0.500000
0.533333 0.566667 0.600000 0.633333 0.666667 0.700000</float_array><technique_common><accessor source="#Head-Matrix-animation-input-array" count="22"><param name="TIME" type="float"/></accessor></technique_common></source><source id="Head-Matrix-animation-output-transform"><float_array id="Head-Matrix-animation-output-transform-array" count="352">

0.991466 -0.026911 0.127560 0.000000 0.031816 0.998824 -0.036572 4.026600 -0.126426 0.040319 0.991156 0.858500 0.000000 0.000000 0.000000 1.000000
0.987635 -0.043062 0.150741 -0.000000 0.051186 0.997415 -0.050429 4.026600 -0.148180 0.057522 0.987286 0.858500 0.000000 0.000000 0.000000 1.000000
0.982427 -0.013892 0.186131 -0.000000 0.027815 0.996987 -0.072406 4.026600 -0.184565 0.076311 0.979853 0.858500 0.000000 0.000000 0.000000 1.000000
0.974418 0.007303 0.224624 0.000000 0.029467 0.986692 -0.159906 4.026600 -0.222802 0.162434 0.961236 0.858500 0.000000 0.000000 0.000000 1.000000
0.971441 -0.001090 0.237279 0.000000 0.072244 0.953872 -0.291391 4.026600 -0.226016 0.300211 0.926709 0.858500 0.000000 0.000000 0.000000 1.000000
0.977858 -0.043069 0.204787 -0.000000 0.118732 0.920019 -0.373453 4.026600 -0.172324 0.389499 0.904762 0.858500 0.000000 0.000000 0.000000 1.000000
0.993325 -0.074170 0.088345 0.000000 0.095227 0.959487 -0.265174 4.026600 -0.065099 0.271817 0.960145 0.858500 0.000000 0.000000 0.000000 1.000000
0.997685 -0.011969 -0.066944 0.000000 0.018222 0.995445 0.093585 4.026600 0.065519 -0.094588 0.993358 0.858500 0.000000 0.000000 0.000000 1.000000
0.992138 0.069103 -0.104340 0.000000 -0.020672 0.912771 0.407948 4.026600 0.123429 -0.402584 0.907023 0.858500 0.000000 0.000000 0.000000 1.000000
0.994703 0.087784 -0.053472 0.000000 -0.051552 0.876125 0.479321 4.026600 0.088925 -0.474025 0.876009 0.858500 0.000000 0.000000 0.000000 1.000000
0.996713 0.079301 -0.016551 0.000000 -0.064505 0.900494 0.430059 4.026600 0.049008 -0.427578 0.902649 0.858500 0.000000 0.000000 0.000000 1.000000
0.997285 0.071960 0.015641 0.000000 -0.072684 0.927768 0.366011 4.026600 0.011826 -0.366154 0.930479 0.858500 0.000000 0.000000 0.000000 1.000000
0.995187 0.067171 0.071348 0.000000 -0.085181 0.952921 0.291007 4.026600 -0.048442 -0.295684 0.954057 0.858500 0.000000 0.000000 0.000000 1.000000
0.987285 0.061395 0.146623 0.000000 -0.088987 0.977788 0.189767 4.026600 -0.131715 -0.200402 0.970819 0.858500 0.000000 0.000000 0.000000 1.000000
0.976515 0.053277 0.208756 0.000000 -0.081033 0.988619 0.126748 4.026600 -0.199628 -0.140688 0.969719 0.858500 0.000000 0.000000 0.000000 1.000000
0.965823 0.041162 0.255912 0.000000 -0.075056 0.989425 0.124119 4.026600 -0.248097 -0.139085 0.958699 0.858500 0.000000 0.000000 0.000000 1.000000
0.953067 0.025848 0.301655 -0.000000 -0.071107 0.987590 0.140034 4.026600 -0.294291 -0.154912 0.943077 0.858500 0.000000 0.000000 0.000000 1.000000
0.943472 0.014942 0.331116 0.000000 -0.067473 0.986724 0.147726 4.026600 -0.324513 -0.161717 0.931954 0.858500 0.000000 0.000000 0.000000 1.000000
0.940371 0.009200 0.340025 0.000000 -0.059572 0.988639 0.138002 4.026600 -0.334892 -0.150029 0.930236 0.858500 0.000000 0.000000 0.000000 1.000000
0.939100 0.005467 0.343601 -0.000000 -0.050407 0.991249 0.121998 4.026600 -0.339927 -0.131888 0.931158 0.858500 0.000000 0.000000 0.000000 1.000000
0.937844 0.004207 0.347032 -0.000000 -0.045033 0.992948 0.109663 4.026600 -0.344124 -0.118475 0.931420 0.858500 0.000000 0.000000 0.000000 1.000000
0.937032 0.006188 0.349190 0.000000 -0.044709 0.993742 0.102364 4.026600 -0.346371 -0.111530 0.931444 0.858500 0.000000 0.000000 0.000000 1.000000</float_array><technique_common><accessor source="#Head-Matrix-animation-output-transform-array" count="22" stride="16"><param type="float4x4"/></accessor></technique_common></source><source id="Head-Interpolations"><Name_array id="Head-Interpolations-array" count="22">
 LINEAR LINEAR LINEAR LINEAR LINEAR LINEAR LINEAR LINEAR LINEAR LINEAR LINEAR
LINEAR LINEAR LINEAR LINEAR LINEAR LINEAR LINEAR LINEAR LINEAR LINEAR LINEAR</Name_array><technique_common><accessor source="#Head-Interpolations-array" count="22"><param type="name"/></accessor></technique_common></source><sampler id="Head-Matrix-animation-transform"><input semantic="INPUT" source="#Head-Matrix-animation-input"/><input semantic="OUTPUT" source="#Head-Matrix-animation-output-transform"/><input semantic="INTERPOLATION" source="#Head-Interpolations"/></sampler><channel source="#Head-Matrix-animation-transform" target="Head/matrix"/></animation>
    <animation id="Jaw-anim" name="Jaw"><source id="Jaw-Matrix-animation-input"><float_array id="Jaw-Matrix-animation-input-array" count="22">

0.000000 0.033333 0.066667 0.100000 0.133333 0.166667 0.200000 0.233333 0.266667 0.300000 0.333333 0.366667 0.400000 0.433333 0.466667 0.500000
0.533333 0.566667 0.600000 0.633333 0.666667 0.700000</float_array><technique_common><accessor source="#Jaw-Matrix-animation-input-array" count="22"><param name="TIME" type="float"/></accessor></technique_common></source><source id="Jaw-Matrix-animation-output-transform"><float_array id="Jaw-Matrix-animation-output-transform-array" count="352">

1.000000 -0.000000 0.000000 0.003800 -0.000000 1.000000 0.000000 6.235000 -0.000000 -0.000000 1.000000 4.413100 0.000000 0.000000 0.000000 1.000000
1.000000 0.000000 0.000000 0.003800 -0.000000 1.000000 -0.000000 6.235000 0.000000 -0.000000 1.000000 4.413100 0.000000 0.000000 0.000000 1.000000
1.000000 -0.000000 0.000000 0.003800 -0.000000 1.000000 0.000000 6.235000 0.000000 0.000000 1.000000 4.413100 0.000000 0.000000 0.000000 1.000000
1.000000 0.000000 -0.000000 0.003800 0.000000 1.000000 -0.000000 6.235000 0.000000 0.000000 1.000000 4.413100 0.000000 0.000000 0.000000 1.000000
1.000000 -0.000000 0.000000 0.003800 -0.000000 1.000000 -0.000000 6.235000 0.000000 0.000000 1.000000 4.413100 0.000000 0.000000 0.000000 1.000000
1.000000 0.000000 0.000000 0.003800 -0.000000 1.000000 -0.000000 6.235000 0.000000 0.000000 1.000000 4.413100 0.000000 0.000000 0.000000 1.000000
1.000000 0.000000 0.000000 0.003800 -0.000000 1.000000 0.000000 6.235000 -0.000000 -0.000000 1.000000 4.413100 0.000000 0.000000 0.000000 1.000000
1.000000 -0.000000 0.000000 0.003800 -0.000000 1.000000 0.000000 6.235000 -0.000000 -0.000000 1.000000 4.413100 0.000000 0.000000 0.000000 1.000000
1.000000 0.000000 0.000000 0.003800 -0.000000 1.000000 0.000000 6.235000 0.000000 0.000000 1.000000 4.413100 0.000000 0.000000 0.000000 1.000000
1.000000 -0.000000 -0.000000 0.003800 -0.000000 1.000000 0.000000 6.235000 -0.000000 0.000000 1.000000 4.413100 0.000000 0.000000 0.000000 1.000000
1.000000 -0.000000 0.000000 0.003800 0.000000 1.000000 0.000000 6.235000 0.000000 0.000000 1.000000 4.413100 0.000000 0.000000 0.000000 1.000000
1.000000 -0.000000 -0.000000 0.003800 -0.000000 1.000000 0.000000 6.235000 0.000000 0.000000 1.000000 4.413100 0.000000 0.000000 0.000000 1.000000
1.000000 0.000000 0.000000 0.003800 0.000000 1.000000 0.000000 6.235000 0.000000 -0.000000 1.000000 4.413100 0.000000 0.000000 0.000000 1.000000
1.000000 -0.000000 0.000000 0.003800 -0.000000 1.000000 -0.000000 6.235000 0.000000 0.000000 1.000000 4.413100 0.000000 0.000000 0.000000 1.000000
1.000000 -0.000000 0.000000 0.003800 -0.000000 1.000000 -0.000000 6.235000 -0.000000 0.000000 1.000000 4.413100 0.000000 0.000000 0.000000 1.000000
1.000000 0.000000 -0.000000 0.003800 0.000000 1.000000 -0.000000 6.235000 0.000000 0.000000 1.000000 4.413100 0.000000 0.000000 0.000000 1.000000
1.000000 -0.000000 -0.000000 0.003800 -0.000000 1.000000 0.000000 6.235000 -0.000000 0.000000 1.000000 4.413100 0.000000 0.000000 0.000000 1.000000
1.000000 -0.000000 -0.000000 0.003800 0.000000 1.000000 0.000000 6.235000 -0.000000 -0.000000 1.000000 4.413100 0.000000 0.000000 0.000000 1.000000
1.000000 0.000000 0.000000 0.003800 -0.000000 1.000000 0.000000 6.235000 -0.000000 -0.000000 1.000000 4.413100 0.000000 0.000000 0.000000 1.000000
1.000000 -0.000000 0.000000 0.003800 0.000000 1.000000 0.000000 6.235000 -0.000000 0.000000 1.000000 4.413100 0.000000 0.000000 0.000000 1.000000
1.000000 0.000000 -0.000000 0.003800 -0.000000 1.000000 0.000000 6.235000 0.000000 0.000000 1.000000 4.413100 0.000000 0.000000 0.000000 1.000000
1.000000 0.000000 -0.000000 0.003800 0.000000 1.000000 0.000000 6.235000 -0.000000 -0.000000 1.000000 4.413100 0.000000 0.000000 0.000000 1.000000</float_array><technique_common><accessor source="#Jaw-Matrix-animation-output-transform-array" count="22" stride="16"><param type="float4x4"/></accessor></technique_common></source><source id="Jaw-Interpolations"><Name_array id="Jaw-Interpolations-array" count="22">
 LINEAR LINEAR LINEAR LINEAR LINEAR LINEAR LINEAR LINEAR LINEAR LINEAR LINEAR
LINEAR LINEAR LINEAR LINEAR LINEAR LINEAR LINEAR LINEAR LINEAR LINEAR LINEAR</Name_array><technique_common><accessor source="#Jaw-Interpolations-array" count="22"><param type="name"/></accessor></technique_common></source><sampler id="Jaw-Matrix-animation-transform"><input semantic="INPUT" source="#Jaw-Matrix-animation-input"/><input semantic="OUTPUT" source="#Jaw-Matrix-animation-output-transform"/><input semantic="INTERPOLATION" source="#Jaw-Interpolations"/></sampler><channel source="#Jaw-Matrix-animation-transform" target="Jaw/matrix"/></animation>
    <animation id="TongueBack-anim" name="TongueBack"><source id="TongueBack-Matrix-animation-input"><float_array id="TongueBack-Matrix-animation-input-array" count="22">

0.000000 0.033333 0.066667 0.100000 0.133333 0.166667 0.200000 0.233333 0.266667 0.300000 0.333333 0.366667 0.400000 0.433333 0.466667 0.500000
0.533333 0.566667 0.600000 0.633333 0.666667 0.700000</float_array><technique_common><accessor source="#TongueBack-Matrix-animation-input-array" count="22"><param name="TIME" type="float"/></accessor></technique_common></source><source id="TongueBack-Matrix-animation-output-transform"><float_array id="TongueBack-Matrix-animation-output-transform-array" count="352">

1.000000 0.000000 -0.000000 -0.000000 -0.000000 1.000000 -0.000000 -3.351800 0.000000 -0.000000 1.000000 4.646800 0.000000 0.000000 0.000000 1.000000
