<?xml version="1.0" encoding="utf-8"?>
<COLLADA xmlns="http://www.collada.org/2005/11/COLLADASchema" version="1.4.1">
  <asset><contributor><author>Mixamo</author><authoring_tool>COLLADA Mixamo exporter</authoring_tool><comments></comments></contributor><created>2018-12-17T22:25:19Z</created><modified>2018-12-17T22:25:19Z</modified><revision></revision><title></title><unit meter="0.010000"/><up_axis>Y_UP</up_axis></asset>
  <library_animations>
    <animation id="Hips-anim" name="Hips"><source id="Hips-Matrix-animation-input"><float_array id="Hips-Matrix-animation-input-array" count="20">

0.000000 0.033333 0.066667 0.100000 0.133333 0.166667 0.200000 0.233333 0.266667 0.300000 0.333333 0.366667 0.400000 0.433333 0.466667 0.500000
0.533333 0.566667 0.600000 0.633333</float_array><technique_common><accessor source="#Hips-Matrix-animation-input-array" count="20"><param name="TIME" type="float"/></accessor></technique_common></source><source id="Hips-Matrix-animation-output-transform"><float_array id="Hips-Matrix-animation-output-transform-array" count="320">

0.999246 -0.009207 0.037715 0.066184 0.009280 0.999955 -0.001775 85.866913 -0.037697 0.002124 0.999287 0.057863 0.000000 0.000000 0.000000 1.000000
0.999193 0.006860 0.039572 -0.586114 -0.007664 0.999767 0.020190 85.170746 -0.039424 -0.020477 0.999013 1.715392 0.000000 0.000000 0.000000 1.000000
0.993593 0.012998 0.112267 -1.029426 -0.019236 0.998319 0.054668 85.634689 -0.111367 -0.056477 0.992173 3.421409 0.000000 0.000000 0.000000 1.000000
0.983237 0.017530 0.181489 -1.116326 -0.030885 0.996996 0.071024 86.576485 -0.179699 -0.075439 0.980825 4.116462 0.000000 0.000000 0.000000 1.000000
0.982283 0.025198 0.185699 -1.006546 -0.034604 0.998267 0.047588 87.752907 -0.184179 -0.053171 0.981454 4.235318 0.000000 0.000000 0.000000 1.000000
0.988732 0.034938 0.145564 -0.770043 -0.035995 0.999341 0.004630 88.787773 -0.145307 -0.009818 0.989338 4.631628 0.000000 0.000000 0.000000 1.000000
0.992697 0.049734 0.109907 -0.284888 -0.045816 0.998231 -0.037889 89.309143 -0.111597 0.032576 0.993219 3.700850 0.000000 0.000000 0.000000 1.000000
0.994112 0.063469 0.087828 0.471035 -0.058732 0.996729 -0.055510 89.177994 -0.091064 0.050025 0.994588 2.021489 0.000000 0.000000 0.000000 1.000000
0.994943 0.070514 0.071524 1.258494 -0.067760 0.996890 -0.040232 87.214867 -0.074139 0.035182 0.996627 1.325022 0.000000 0.000000 0.000000 1.000000
0.997072 0.055971 0.052094 1.984448 -0.055831 0.998432 -0.004137 85.026337 -0.052244 0.001216 0.998634 0.717537 0.000000 0.000000 0.000000 1.000000
0.999406 0.028488 0.019387 2.603858 -0.028785 0.999470 0.015213 83.640953 -0.018944 -0.015762 0.999696 0.740931 0.000000 0.000000 0.000000 1.000000
0.999766 0.016680 -0.013756 3.044767 -0.016280 0.999456 0.028668 83.937469 0.014227 -0.028438 0.999494 1.680681 0.000000 0.000000 0.000000 1.000000
0.999584 0.009799 -0.027123 3.084931 -0.008226 0.998310 0.057525 85.147682 0.027641 -0.057278 0.997976 2.526654 0.000000 0.000000 0.000000 1.000000
0.999983 -0.003194 -0.004925 2.550640 0.003510 0.997840 0.065593 86.777580 0.004705 -0.065609 0.997834 2.601984 0.000000 0.000000 0.000000 1.000000
0.998702 -0.014988 0.048673 1.922036 0.013244 0.999266 0.035955 88.420303 -0.049177 -0.035264 0.998167 3.221220 0.000000 0.000000 0.000000 1.000000
0.994825 -0.018727 0.099860 1.346572 0.020311 0.999683 -0.014863 89.576393 -0.099550 0.016815 0.994890 2.429577 0.000000 0.000000 0.000000 1.000000
0.991574 -0.016714 0.128462 0.867762 0.022617 0.998747 -0.044632 89.780098 -0.127555 0.047161 0.990710 1.176696 0.000000 0.000000 0.000000 1.000000
0.992547 -0.021892 0.119878 0.600789 0.026875 0.998834 -0.040104 88.838966 -0.118860 0.043027 0.991978 0.780279 0.000000 0.000000 0.000000 1.000000
0.997071 -0.025884 0.071972 0.411502 0.026748 0.999581 -0.011060 87.295654 -0.071656 0.012953 0.997345 0.300183 0.000000 0.000000 0.000000 1.000000
0.999246 -0.009207 0.037715 0.066181 0.009280 0.999955 -0.001775 85.866898 -0.037697 0.002124 0.999287 0.057863 0.000000 0.000000 0.000000 1.000000</float_array><technique_common><accessor source="#Hips-Matrix-animation-output-transform-array" count="20" stride="16"><param type="float4x4"/></accessor></technique_common></source><source id="Hips-Interpolations"><Name_array id="Hips-Interpolations-array" count="20">
 LINEAR LINEAR LINEAR LINEAR LINEAR LINEAR LINEAR LINEAR LINEAR LINEAR LINEAR
LINEAR LINEAR LINEAR LINEAR LINEAR LINEAR LINEAR LINEAR LINEAR</Name_array><technique_common><accessor source="#Hips-Interpolations-array" count="20"><param type="name"/></accessor></technique_common></source><sampler id="Hips-Matrix-animation-transform"><input semantic="INPUT" source="#Hips-Matrix-animation-input"/><input semantic="OUTPUT" source="#Hips-Matrix-animation-output-transform"/><input semantic="INTERPOLATION" source="#Hips-Interpolations"/></sampler><channel source="#Hips-Matrix-animation-transform" target="Hips/matrix"/></animation>
    <animation id="Spine-anim" name="Spine"><source id="Spine-Matrix-animation-input"><float_array id="Spine-Matrix-animation-input-array" count="20">

0.000000 0.033333 0.066667 0.100000 0.133333 0.166667 0.200000 0.233333 0.266667 0.300000 0.333333 0.366667 0.400000 0.433333 0.466667 0.500000
0.533333 0.566667 0.600000 0.633333</float_array><technique_common><accessor source="#Spine-Matrix-animation-input-array" count="20"><param name="TIME" type="float"/></accessor></technique_common></source><source id="Spine-Matrix-animation-output-transform"><float_array id="Spine-Matrix-animation-output-transform-array" count="320">

0.999279 -0.007154 0.037274 0.000000 0.016979 0.962585 -0.270447 9.226300 -0.033945 0.270885 0.962013 1.577100 0.000000 0.000000 0.000000 1.000000
0.999817 -0.019018 -0.002154 0.000000 0.017793 0.965008 -0.261616 9.226300 0.007054 0.261530 0.965170 1.577100 0.000000 0.000000 0.000000 1.000000
0.996002 -0.034856 -0.082252 0.000000 0.012170 0.965097 -0.261609 9.226300 0.088500 0.259562 0.961663 1.577100 0.000000 0.000000 0.000000 1.000000
0.986839 -0.041128 -0.156390 0.000000 -0.000376 0.966530 -0.256552 9.226300 0.161708 0.253234 0.953794 1.577100 0.000000 0.000000 0.000000 1.000000
0.984480 -0.025398 -0.173651 0.000000 -0.012889 0.976338 -0.215868 9.226300 0.175025 0.214755 0.960857 1.577100 0.000000 0.000000 0.000000 1.000000
0.990721 -0.000631 -0.135913 0.000000 -0.021079 0.987176 -0.158240 9.226300 0.134270 0.159637 0.978002 1.577100 0.000000 0.000000 0.000000 1.000000
0.996194 0.008398 -0.086754 -0.000000 -0.020839 0.989429 -0.143512 9.226300 0.084632 0.144773 0.985839 1.577100 0.000000 0.000000 0.000000 1.000000
0.998234 0.000447 -0.059400 0.000000 -0.011042 0.983939 -0.178162 9.226300 0.058367 0.178503 0.982207 1.577100 0.000000 0.000000 0.000000 1.000000
0.998613 -0.002439 -0.052595 0.000000 -0.009504 0.974171 -0.225611 9.226300 0.051787 0.225798 0.972797 1.577100 0.000000 0.000000 0.000000 1.000000
0.999096 0.014996 -0.039784 -0.000000 -0.025007 0.964029 -0.264617 9.226300 0.034385 0.265373 0.963533 1.577100 0.000000 0.000000 0.000000 1.000000
0.999095 0.042341 0.003969 0.000000 -0.039526 0.958976 -0.280720 9.226300 -0.015692 0.280309 0.959782 1.577100 0.000000 0.000000 0.000000 1.000000
0.995736 0.058354 0.071440 -0.000000 -0.036029 0.958986 -0.281155 9.226300 -0.084917 0.277383 0.956999 1.577100 0.000000 0.000000 0.000000 1.000000
0.989960 0.062172 0.126943 0.000000 -0.023905 0.958777 -0.283153 9.226300 -0.139314 0.277276 0.950636 1.577100 0.000000 0.000000 0.000000 1.000000
0.987122 0.062248 0.147364 0.000000 -0.021272 0.964083 -0.264748 9.226300 -0.158551 0.258204 0.952991 1.577100 0.000000 0.000000 0.000000 1.000000
0.989203 0.055217 0.135749 0.000000 -0.024887 0.976141 -0.215705 9.226300 -0.144421 0.209998 0.966976 1.577100 0.000000 0.000000 0.000000 1.000000
0.993202 0.040486 0.109138 0.000000 -0.019576 0.982308 -0.186244 9.226300 -0.114747 0.182841 0.976423 1.577100 0.000000 0.000000 0.000000 1.000000
0.995606 0.025711 0.090045 0.000000 -0.007643 0.980673 -0.195503 9.226300 -0.093332 0.193955 0.976561 1.577100 0.000000 0.000000 0.000000 1.000000
0.996614 0.018263 0.080165 -0.000000 -0.000244 0.975671 -0.219241 9.226300 -0.082219 0.218479 0.972372 1.577100 0.000000 0.000000 0.000000 1.000000
0.997930 0.011502 0.063278 0.000000 0.004628 0.968487 -0.249022 9.226300 -0.064148 0.248799 0.966428 1.577100 0.000000 0.000000 0.000000 1.000000
0.999279 -0.007154 0.037274 0.000000 0.016979 0.962585 -0.270447 9.226300 -0.033945 0.270885 0.962013 1.577100 0.000000 0.000000 0.000000 1.000000</float_array><technique_common><accessor source="#Spine-Matrix-animation-output-transform-array" count="20" stride="16"><param type="float4x4"/></accessor></technique_common></source><source id="Spine-Interpolations"><Name_array id="Spine-Interpolations-array" count="20">
 LINEAR LINEAR LINEAR LINEAR LINEAR LINEAR LINEAR LINEAR LINEAR LINEAR LINEAR
LINEAR LINEAR LINEAR LINEAR LINEAR LINEAR LINEAR LINEAR LINEAR</Name_array><technique_common><accessor source="#Spine-Interpolations-array" count="20"><param type="name"/></accessor></technique_common></source><sampler id="Spine-Matrix-animation-transform"><input semantic="INPUT" source="#Spine-Matrix-animation-input"/><input semantic="OUTPUT" source="#Spine-Matrix-animation-output-transform"/><input semantic="INTERPOLATION" source="#Spine-Interpolations"/></sampler><channel source="#Spine-Matrix-animation-transform" target="Spine/matrix"/></animation>
    <animation id="Spine1-anim" name="Spine1"><source id="Spine1-Matrix-animation-input"><float_array id="Spine1-Matrix-animation-input-array" count="20">

0.000000 0.033333 0.066667 0.100000 0.133333 0.166667 0.200000 0.233333 0.266667 0.300000 0.333333 0.366667 0.400000 0.433333 0.466667 0.500000
0.533333 0.566667 0.600000 0.633333</float_array><technique_common><accessor source="#Spine1-Matrix-animation-input-array" count="20"><param name="TIME" type="float"/></accessor></technique_common></source><source id="Spine1-Matrix-animation-output-transform"><float_array id="Spine1-Matrix-animation-output-transform-array" count="320">

0.999927 -0.007994 0.009105 -0.000000 0.008397 0.998945 -0.045145 16.254000 -0.008735 0.045218 0.998939 -0.165600 0.000000 0.000000 0.000000 1.000000
0.999934 -0.011291 -0.002046 0.000000 0.011189 0.998953 -0.044351 16.254000 0.002545 0.044325 0.999014 -0.165600 0.000000 0.000000 0.000000 1.000000
0.999653 -0.010521 -0.024141 0.000000 0.009531 0.999124 -0.040751 16.254000 0.024549 0.040506 0.998878 -0.165600 0.000000 0.000000 0.000000 1.000000
0.998994 -0.006842 -0.044323 0.000000 0.005099 0.999214 -0.039301 16.254000 0.044557 0.039036 0.998244 -0.165600 0.000000 0.000000 0.000000 1.000000
0.998814 -0.004722 -0.048453 -0.000000 0.002270 0.998720 -0.050534 16.254000 0.048630 0.050365 0.997546 -0.165600 0.000000 0.000000 0.000000 1.000000
0.999286 -0.005465 -0.037395 0.000000 0.003024 0.997878 -0.065044 16.254000 0.037671 0.064884 0.997182 -0.165600 0.000000 0.000000 0.000000 1.000000
0.999698 -0.006362 -0.023721 0.000000 0.004893 0.998096 -0.061493 16.254000 0.024067 0.061358 0.997826 -0.165600 0.000000 0.000000 0.000000 1.000000
0.999843 -0.006345 -0.016546 0.000000 0.005558 0.998871 -0.047184 16.254000 0.016826 0.047085 0.998749 -0.165600 0.000000 0.000000 0.000000 1.000000
0.999873 -0.006244 -0.014669 0.000000 0.005619 0.999092 -0.042236 16.254000 0.014919 0.042148 0.999000 -0.165600 0.000000 0.000000 0.000000 1.000000
0.999933 -0.005161 -0.010331 -0.000000 0.004691 0.998973 -0.045066 16.254000 0.010553 0.045015 0.998931 -0.165600 0.000000 0.000000 0.000000 1.000000
0.999992 -0.002921 0.002824 0.000000 0.003051 0.998874 -0.047337 16.254000 -0.002682 0.047345 0.998875 -0.165600 0.000000 0.000000 0.000000 1.000000
0.999761 -0.001476 0.021831 0.000000 0.002514 0.998863 -0.047601 16.254000 -0.021736 0.047644 0.998628 -0.165600 0.000000 0.000000 0.000000 1.000000
0.999316 -0.001906 0.036944 -0.000000 0.003635 0.998897 -0.046807 16.254000 -0.036814 0.046910 0.998221 -0.165600 0.000000 0.000000 0.000000 1.000000
0.999098 -0.003654 0.042302 0.000000 0.005842 0.998645 -0.051704 16.254000 -0.042055 0.051905 0.997766 -0.165600 0.000000 0.000000 0.000000 1.000000
0.999243 -0.004339 0.038651 0.000000 0.006699 0.998108 -0.061122 16.254000 -0.038313 0.061335 0.997382 -0.165600 0.000000 0.000000 0.000000 1.000000
0.999517 -0.003571 0.030856 -0.000000 0.005373 0.998271 -0.058535 16.254000 -0.030594 0.058673 0.997808 -0.165600 0.000000 0.000000 0.000000 1.000000
0.999673 -0.004897 0.025094 0.000000 0.006110 0.998805 -0.048496 16.254000 -0.024826 0.048633 0.998508 -0.165600 0.000000 0.000000 0.000000 1.000000
0.999733 -0.007126 0.021966 -0.000000 0.008129 0.998911 -0.045942 16.254000 -0.021615 0.046108 0.998703 -0.165600 0.000000 0.000000 0.000000 1.000000
0.999831 -0.006874 0.017047 0.000000 0.007659 0.998893 -0.046405 16.254000 -0.016709 0.046527 0.998777 -0.165600 0.000000 0.000000 0.000000 1.000000
0.999927 -0.007994 0.009105 0.000000 0.008397 0.998945 -0.045145 16.254000 -0.008735 0.045218 0.998939 -0.165600 0.000000 0.000000 0.000000 1.000000</float_array><technique_common><accessor source="#Spine1-Matrix-animation-output-transform-array" count="20" stride="16"><param type="float4x4"/></accessor></technique_common></source><source id="Spine1-Interpolations"><Name_array id="Spine1-Interpolations-array" count="20">
 LINEAR LINEAR LINEAR LINEAR LINEAR LINEAR LINEAR LINEAR LINEAR LINEAR LINEAR
LINEAR LINEAR LINEAR LINEAR LINEAR LINEAR LINEAR LINEAR LINEAR</Name_array><technique_common><accessor source="#Spine1-Interpolations-array" count="20"><param type="name"/></accessor></technique_common></source><sampler id="Spine1-Matrix-animation-transform"><input semantic="INPUT" source="#Spine1-Matrix-animation-input"/><input semantic="OUTPUT" source="#Spine1-Matrix-animation-output-transform"/><input semantic="INTERPOLATION" source="#Spine1-Interpolations"/></sampler><channel source="#Spine1-Matrix-animation-transform" target="Spine1/matrix"/></animation>
    <animation id="Spine2-anim" name="Spine2"><source id="Spine2-Matrix-animation-input"><float_array id="Spine2-Matrix-animation-input-array" count="20">

0.000000 0.033333 0.066667 0.100000 0.133333 0.166667 0.200000 0.233333 0.266667 0.300000 0.333333 0.366667 0.400000 0.433333 0.466667 0.500000
0.533333 0.566667 0.600000 0.633333</float_array><technique_common><accessor source="#Spine2-Matrix-animation-input-array" count="20"><param name="TIME" type="float"/></accessor></technique_common></source><source id="Spine2-Matrix-animation-output-transform"><float_array id="Spine2-Matrix-animation-output-transform-array" count="320">

0.999932 -0.007861 0.008663 0.000000 0.008245 0.998944 -0.045202 13.639600 -0.008298 0.045270 0.998940 -1.292300 0.000000 0.000000 0.000000 1.000000
0.999931 -0.011479 -0.002501 -0.000000 0.011357 0.998953 -0.044308 13.639600 0.003007 0.044276 0.999015 -1.292300 0.000000 0.000000 0.000000 1.000000
0.999640 -0.011304 -0.024344 0.000000 0.010307 0.999119 -0.040672 13.639600 0.024783 0.040406 0.998876 -1.292300 0.000000 0.000000 0.000000 1.000000
0.998990 -0.007969 -0.044214 0.000000 0.006229 0.999206 -0.039356 13.639600 0.044493 0.039041 0.998247 -1.292300 0.000000 0.000000 0.000000 1.000000
0.998819 -0.005398 -0.048292 -0.000000 0.002946 0.998709 -0.050709 13.639600 0.048503 0.050507 0.997545 -1.292300 0.000000 0.000000 0.000000 1.000000
0.999284 -0.005484 -0.037433 0.000000 0.003035 0.997870 -0.065169 13.639600 0.037711 0.065009 0.997172 -1.292300 0.000000 0.000000 0.000000 1.000000
0.999693 -0.006411 -0.023917 0.000000 0.004929 0.998094 -0.061519 13.639600 0.024266 0.061383 0.997819 -1.292300 0.000000 0.000000 0.000000 1.000000
0.999837 -0.006764 -0.016747 0.000000 0.005967 0.998869 -0.047176 13.639600 0.017047 0.047069 0.998746 -1.292300 0.000000 0.000000 0.000000 1.000000
0.999866 -0.006762 -0.014890 0.000000 0.006128 0.999089 -0.042231 13.639600 0.015162 0.042134 0.998997 -1.292300 0.000000 0.000000 0.000000 1.000000
0.999928 -0.005528 -0.010687 -0.000000 0.005041 0.998971 -0.045068 13.639600 0.010925 0.045010 0.998927 -1.292300 0.000000 0.000000 0.000000 1.000000
0.999993 -0.002958 0.002295 0.000000 0.003064 0.998873 -0.047363 13.639600 -0.002152 0.047370 0.998875 -1.292300 0.000000 0.000000 0.000000 1.000000
0.999776 -0.001000 0.021163 -0.000000 0.002008 0.998860 -0.047701 13.639600 -0.021091 0.047732 0.998637 -1.292300 0.000000 0.000000 0.000000 1.000000
0.999345 -0.001033 0.036173 -0.000000 0.002734 0.998890 -0.047016 13.639600 -0.036085 0.047084 0.998239 -1.292300 0.000000 0.000000 0.000000 1.000000
0.999134 -0.002915 0.041497 0.000000 0.005072 0.998636 -0.051968 13.639600 -0.041289 0.052133 0.997786 -1.292300 0.000000 0.000000 0.000000 1.000000
0.999271 -0.004025 0.037968 -0.000000 0.006350 0.998098 -0.061325 13.639600 -0.037649 0.061521 0.997395 -1.292300 0.000000 0.000000 0.000000 1.000000
0.999534 -0.003284 0.030335 -0.000000 0.005060 0.998265 -0.058660 13.639600 -0.030090 0.058787 0.997817 -1.292300 0.000000 0.000000 0.000000 1.000000
0.999689 -0.004383 0.024555 -0.000000 0.005574 0.998801 -0.048627 13.639600 -0.024313 0.048748 0.998515 -1.292300 0.000000 0.000000 0.000000 1.000000
0.999750 -0.006625 0.021354 0.000000 0.007604 0.998908 -0.046089 13.639600 -0.021025 0.046239 0.998709 -1.292300 0.000000 0.000000 0.000000 1.000000
0.999842 -0.006558 0.016513 -0.000000 0.007320 0.998891 -0.046508 13.639600 -0.016190 0.046622 0.998781 -1.292300 0.000000 0.000000 0.000000 1.000000
0.999932 -0.007861 0.008663 -0.000000 0.008245 0.998944 -0.045202 13.639600 -0.008298 0.045270 0.998940 -1.292300 0.000000 0.000000 0.000000 1.000000</float_array><technique_common><accessor source="#Spine2-Matrix-animation-output-transform-array" count="20" stride="16"><param type="float4x4"/></accessor></technique_common></source><source id="Spine2-Interpolations"><Name_array id="Spine2-Interpolations-array" count="20">
 LINEAR LINEAR LINEAR LINEAR LINEAR LINEAR LINEAR LINEAR LINEAR LINEAR LINEAR
LINEAR LINEAR LINEAR LINEAR LINEAR LINEAR LINEAR LINEAR LINEAR</Name_array><technique_common><accessor source="#Spine2-Interpolations-array" count="20"><param type="name"/></accessor></technique_common></source><sampler id="Spine2-Matrix-animation-transform"><input semantic="INPUT" source="#Spine2-Matrix-animation-input"/><input semantic="OUTPUT" source="#Spine2-Matrix-animation-output-transform"/><input semantic="INTERPOLATION" source="#Spine2-Interpolations"/></sampler><channel source="#Spine2-Matrix-animation-transform" target="Spine2/matrix"/></animation>
    <animation id="Neck-anim" name="Neck"><source id="Neck-Matrix-animation-input"><float_array id="Neck-Matrix-animation-input-array" count="20">

0.000000 0.033333 0.066667 0.100000 0.133333 0.166667 0.200000 0.233333 0.266667 0.300000 0.333333 0.366667 0.400000 0.433333 0.466667 0.500000
0.533333 0.566667 0.600000 0.633333</float_array><technique_common><accessor source="#Neck-Matrix-animation-input-array" count="20"><param name="TIME" type="float"/></accessor></technique_common></source><source id="Neck-Matrix-animation-output-transform"><float_array id="Neck-Matrix-animation-output-transform-array" count="320">

0.999794 -0.015440 -0.013181 -0.000000 0.015241 0.999771 -0.015054 13.877400 0.013410 0.014850 0.999800 -4.354200 0.000000 0.000000 0.000000 1.000000
0.999918 -0.011291 -0.005985 0.000000 0.011176 0.999757 -0.018976 13.877400 0.006198 0.018907 0.999802 -4.354200 0.000000 0.000000 0.000000 1.000000
0.999947 -0.010229 0.001263 0.000000 0.010260 0.999579 -0.027154 13.877400 -0.000984 0.027165 0.999630 -4.354200 0.000000 0.000000 0.000000 1.000000
0.999916 -0.011141 0.006599 0.000000 0.011354 0.999386 -0.033152 13.877400 -0.006225 0.033224 0.999429 -4.354200 0.000000 0.000000 0.000000 1.000000
0.999893 -0.011971 0.008464 0.000000 0.012255 0.999336 -0.034301 13.877400 -0.008048 0.034401 0.999376 -4.354200 0.000000 0.000000 0.000000 1.000000
0.999900 -0.012394 0.006833 -0.000000 0.012618 0.999351 -0.033728 13.877400 -0.006410 0.033811 0.999408 -4.354200 0.000000 0.000000 0.000000 1.000000
0.999900 -0.013806 0.003120 0.000000 0.013900 0.999379 -0.032369 13.877400 -0.002671 0.032409 0.999471 -4.354200 0.000000 0.000000 0.000000 1.000000
0.999873 -0.015930 -0.000034 -0.000000 0.015922 0.999456 -0.028878 13.877400 0.000494 0.028874 0.999583 -4.354200 0.000000 0.000000 0.000000 1.000000
0.999836 -0.018051 -0.001134 -0.000000 0.018019 0.999562 -0.023458 13.877400 0.001557 0.023433 0.999724 -4.354200 0.000000 0.000000 0.000000 1.000000
0.999775 -0.021087 -0.002395 0.000000 0.021042 0.999627 -0.017413 13.877400 0.002761 0.017358 0.999846 -4.354200 0.000000 0.000000 0.000000 1.000000
0.999690 -0.023752 -0.007436 -0.000000 0.023642 0.999613 -0.014650 13.877400 0.007781 0.014469 0.999865 -4.354200 0.000000 0.000000 0.000000 1.000000
0.999587 -0.023962 -0.015878 -0.000000 0.023661 0.999542 -0.018841 13.877400 0.016322 0.018458 0.999696 -4.354200 0.000000 0.000000 0.000000 1.000000
0.999487 -0.022151 -0.023126 0.000000 0.021501 0.999377 -0.027996 13.877400 0.023732 0.027484 0.999340 -4.354200 0.000000 0.000000 0.000000 1.000000
0.999454 -0.019763 -0.026488 0.000000 0.018814 0.999188 -0.035631 13.877400 0.027171 0.035113 0.999014 -4.354200 0.000000 0.000000 0.000000 1.000000
0.999436 -0.019279 -0.027481 0.000000 0.018278 0.999176 -0.036228 13.877400 0.028157 0.035705 0.998966 -4.354200 0.000000 0.000000 0.000000 1.000000
0.999399 -0.020585 -0.027899 0.000000 0.019759 0.999368 -0.029553 13.877400 0.028489 0.028984 0.999174 -4.354200 0.000000 0.000000 0.000000 1.000000
0.999431 -0.019572 -0.027480 0.000000 0.018990 0.999593 -0.021277 13.877400 0.027885 0.020743 0.999396 -4.354200 0.000000 0.000000 0.000000 1.000000
0.999537 -0.017275 -0.025057 0.000000 0.016825 0.999695 -0.018074 13.877400 0.025362 0.017644 0.999523 -4.354200 0.000000 0.000000 0.000000 1.000000
0.999656 -0.016894 -0.020055 0.000000 0.016526 0.999695 -0.018367 13.877400 0.020360 0.018029 0.999630 -4.354200 0.000000 0.000000 0.000000 1.000000
0.999794 -0.015440 -0.013181 0.000000 0.015241 0.999771 -0.015054 13.877400 0.013410 0.014850 0.999800 -4.354200 0.000000 0.000000 0.000000 1.000000</float_array><technique_common><accessor source="#Neck-Matrix-animation-output-transform-array" count="20" stride="16"><param type="float4x4"/></accessor></technique_common></source><source id="Neck-Interpolations"><Name_array id="Neck-Interpolations-array" count="20">
 LINEAR LINEAR LINEAR LINEAR LINEAR LINEAR LINEAR LINEAR LINEAR LINEAR LINEAR
LINEAR LINEAR LINEAR LINEAR LINEAR LINEAR LINEAR LINEAR LINEAR</Name_array><technique_common><accessor source="#Neck-Interpolations-array" count="20"><param type="name"/></accessor></technique_common></source><sampler id="Neck-Matrix-animation-transform"><input semantic="INPUT" source="#Neck-Matrix-animation-input"/><input semantic="OUTPUT" source="#Neck-Matrix-animation-output-transform"/><input semantic="INTERPOLATION" source="#Neck-Interpolations"/></sampler><channel source="#Neck-Matrix-animation-transform" target="Neck/matrix"/></animation>
    <animation id="Neck1-anim" name="Neck1"><source id="Neck1-Matrix-animation-input"><float_array id="Neck1-Matrix-animation-input-array" count="20">

0.000000 0.033333 0.066667 0.100000 0.133333 0.166667 0.200000 0.233333 0.266667 0.300000 0.333333 0.366667 0.400000 0.433333 0.466667 0.500000
0.533333 0.566667 0.600000 0.633333</float_array><technique_common><accessor source="#Neck1-Matrix-animation-input-array" count="20"><param name="TIME" type="float"/></accessor></technique_common></source><source id="Neck1-Matrix-animation-output-transform"><float_array id="Neck1-Matrix-animation-output-transform-array" count="320">

1.000000 0.000000 0.000000 0.000000 0.000000 1.000000 -0.000000 4.340000 -0.000000 0.000000 1.000000 0.926900 0.000000 0.000000 0.000000 1.000000
1.000000 -0.000000 0.000000 0.000000 -0.000000 1.000000 -0.000000 4.340000 0.000000 -0.000000 1.000000 0.926900 0.000000 0.000000 0.000000 1.000000
1.000000 0.000000 0.000000 0.000000 -0.000000 1.000000 0.000000 4.340000 0.000000 -0.000000 1.000000 0.926900 0.000000 0.000000 0.000000 1.000000
1.000000 0.000000 0.000000 0.000000 -0.000000 1.000000 -0.000000 4.340000 0.000000 -0.000000 1.000000 0.926900 0.000000 0.000000 0.000000 1.000000
1.000000 0.000000 0.000000 0.000000 0.000000 1.000000 0.000000 4.340000 0.000000 0.000000 1.000000 0.926900 0.000000 0.000000 0.000000 1.000000
1.000000 0.000000 0.000000 0.000000 0.000000 1.000000 0.000000 4.340000 0.000000 0.000000 1.000000 0.926900 0.000000 0.000000 0.000000 1.000000
1.000000 -0.000000 0.000000 -0.000000 -0.000000 1.000000 0.000000 4.340000 0.000000 -0.000000 1.000000 0.926900 0.000000 0.000000 0.000000 1.000000
1.000000 -0.000000 0.000000 0.000000 -0.000000 1.000000 0.000000 4.340000 0.000000 0.000000 1.000000 0.926900 0.000000 0.000000 0.000000 1.000000
1.000000 0.000000 -0.000000 0.000000 -0.000000 1.000000 0.000000 4.340000 0.000000 -0.000000 1.000000 0.926900 0.000000 0.000000 0.000000 1.000000
1.000000 -0.000000 -0.000000 -0.000000 0.000000 1.000000 -0.000000 4.340000 -0.000000 0.000000 1.000000 0.926900 0.000000 0.000000 0.000000 1.000000
1.000000 0.000000 0.000000 0.000000 -0.000000 1.000000 0.000000 4.340000 -0.000000 0.000000 1.000000 0.926900 0.000000 0.000000 0.000000 1.000000
1.000000 0.000000 0.000000 0.000000 0.000000 1.000000 -0.000000 4.340000 -0.000000 0.000000 1.000000 0.926900 0.000000 0.000000 0.000000 1.000000
1.000000 -0.000000 -0.000000 -0.000000 0.000000 1.000000 0.000000 4.340000 0.000000 -0.000000 1.000000 0.926900 0.000000 0.000000 0.000000 1.000000
1.000000 0.000000 0.000000 0.000000 -0.000000 1.000000 0.000000 4.340000 0.000000 -0.000000 1.000000 0.926900 0.000000 0.000000 0.000000 1.000000
1.000000 0.000000 0.000000 -0.000000 -0.000000 1.000000 0.000000 4.340000 0.000000 -0.000000 1.000000 0.926900 0.000000 0.000000 0.000000 1.000000
1.000000 0.000000 0.000000 0.000000 -0.000000 1.000000 0.000000 4.340000 0.000000 -0.000000 1.000000 0.926900 0.000000 0.000000 0.000000 1.000000
1.000000 0.000000 -0.000000 -0.000000 -0.000000 1.000000 -0.000000 4.340000 0.000000 -0.000000 1.000000 0.926900 0.000000 0.000000 0.000000 1.000000
1.000000 0.000000 -0.000000 0.000000 0.000000 1.000000 0.000000 4.340000 -0.000000 -0.000000 1.000000 0.926900 0.000000 0.000000 0.000000 1.000000
1.000000 -0.000000 -0.000000 0.000000 -0.000000 1.000000 -0.000000 4.340000 0.000000 -0.000000 1.000000 0.926900 0.000000 0.000000 0.000000 1.000000
1.000000 -0.000000 0.000000 -0.000000 -0.000000 1.000000 0.000000 4.340000 -0.000000 -0.000000 1.000000 0.926900 0.000000 0.000000 0.000000 1.000000</float_array><technique_common><accessor source="#Neck1-Matrix-animation-output-transform-array" count="20" stride="16"><param type="float4x4"/></accessor></technique_common></source><source id="Neck1-Interpolations"><Name_array id="Neck1-Interpolations-array" count="20">
 LINEAR LINEAR LINEAR LINEAR LINEAR LINEAR LINEAR LINEAR LINEAR LINEAR LINEAR
LINEAR LINEAR LINEAR LINEAR LINEAR LINEAR LINEAR LINEAR LINEAR</Name_array><technique_common><accessor source="#Neck1-Interpolations-array" count="20"><param type="name"/></accessor></technique_common></source><sampler id="Neck1-Matrix-animation-transform"><input semantic="INPUT" source="#Neck1-Matrix-animation-input"/><input semantic="OUTPUT" source="#Neck1-Matrix-animation-output-transform"/><input semantic="INTERPOLATION" source="#Neck1-Interpolations"/></sampler><channel source="#Neck1-Matrix-animation-transform" target="Neck1/matrix"/></animation>
    <animation id="Head-anim" name="Head"><source id="Head-Matrix-animation-input"><float_array id="Head-Matrix-animation-input-array" count="20">

0.000000 0.033333 0.066667 0.100000 0.133333 0.166667 0.200000 0.233333 0.266667 0.300000 0.333333 0.366667 0.400000 0.433333 0.466667 0.500000
0.533333 0.566667 0.600000 0.633333</float_array><technique_common><accessor source="#Head-Matrix-animation-input-array" count="20"><param name="TIME" type="float"/></accessor></technique_common></source><source id="Head-Matrix-animation-output-transform"><float_array id="Head-Matrix-animation-output-transform-array" count="320">

0.993590 0.084365 -0.075240 0.000000 -0.066713 0.974945 0.212206 4.026600 0.091257 -0.205826 0.974324 0.858500 0.000000 0.000000 0.000000 1.000000
0.996479 0.079147 -0.027653 0.000000 -0.072621 0.979665 0.187038 4.026600 0.041894 -0.184371 0.981963 0.858500 0.000000 0.000000 0.000000 1.000000
0.997626 0.067419 0.014020 0.000000 -0.068775 0.985729 0.153653 4.026600 -0.003460 -0.154253 0.988025 0.858500 0.000000 0.000000 0.000000 1.000000
0.997739 0.051641 0.043013 0.000000 -0.056504 0.991066 0.120809 4.026600 -0.036390 -0.122967 0.991743 0.858500 0.000000 0.000000 0.000000 1.000000
0.998163 0.031084 0.051997 -0.000000 -0.036721 0.993116 0.111229 4.026600 -0.048182 -0.112934 0.992434 0.858500 0.000000 0.000000 0.000000 1.000000
0.999221 0.008080 0.038639 0.000000 -0.013117 0.991169 0.131954 4.026600 -0.037231 -0.132358 0.990502 0.858500 0.000000 0.000000 0.000000 1.000000
0.999900 -0.007666 0.011852 0.000000 0.005635 0.986642 0.162803 4.026600 -0.012942 -0.162720 0.986587 0.858500 0.000000 0.000000 0.000000 1.000000
0.999882 -0.012376 -0.009133 0.000000 0.013859 0.982462 0.185945 4.026600 0.006671 -0.186049 0.982518 0.858500 0.000000 0.000000 0.000000 1.000000
0.999796 -0.014193 -0.014352 -0.000000 0.016801 0.979245 0.201984 4.026600 0.011187 -0.202184 0.979284 0.858500 0.000000 0.000000 0.000000 1.000000
0.999639 -0.018293 -0.019678 -0.000000 0.022097 0.976394 0.214863 4.026600 0.015283 -0.215220 0.976446 0.858500 0.000000 0.000000 0.000000 1.000000
0.998643 -0.012530 -0.050550 0.000000 0.023599 0.974131 0.224747 4.026600 0.046426 -0.225635 0.973105 0.858500 0.000000 0.000000 0.000000 1.000000
0.994420 0.009685 -0.105051 0.000000 0.013611 0.975677 0.218791 4.026600 0.104615 -0.219000 0.970100 0.858500 0.000000 0.000000 0.000000 1.000000
0.987189 0.024753 -0.157624 0.000000 0.004432 0.983258 0.182166 4.026600 0.159494 -0.180531 0.970551 0.858500 0.000000 0.000000 0.000000 1.000000
0.980826 0.021835 -0.193656 0.000000 0.005359 0.990306 0.138801 4.026600 0.194809 -0.137178 0.971201 0.858500 0.000000 0.000000 0.000000 1.000000
0.977176 0.024006 -0.211072 0.000000 0.004746 0.990879 0.134670 4.026600 0.212380 -0.132598 0.968149 0.858500 0.000000 0.000000 0.000000 1.000000
0.975509 0.040231 -0.216249 -0.000000 -0.002380 0.985004 0.172513 4.026600 0.219947 -0.167773 0.960976 0.858500 0.000000 0.000000 0.000000 1.000000
0.974490 0.059451 -0.216415 0.000000 -0.012506 0.977163 0.212125 4.026600 0.224084 -0.204007 0.952978 0.858500 0.000000 0.000000 0.000000 1.000000
0.977796 0.074722 -0.195785 0.000000 -0.028867 0.973389 0.227332 4.026600 0.207562 -0.216632 0.953933 0.858500 0.000000 0.000000 0.000000 1.000000
0.986528 0.081533 -0.141828 -0.000000 -0.048572 0.973842 0.221976 4.026600 0.156216 -0.212096 0.964682 0.858500 0.000000 0.000000 0.000000 1.000000
0.993590 0.084365 -0.075240 -0.000000 -0.066713 0.974945 0.212206 4.026600 0.091257 -0.205826 0.974324 0.858500 0.000000 0.000000 0.000000 1.000000</float_array><technique_common><accessor source="#Head-Matrix-animation-output-transform-array" count="20" stride="16"><param type="float4x4"/></accessor></technique_common></source><source id="Head-Interpolations"><Name_array id="Head-Interpolations-array" count="20">
 LINEAR LINEAR LINEAR LINEAR LINEAR LINEAR LINEAR LINEAR LINEAR LINEAR LINEAR
LINEAR LINEAR LINEAR LINEAR LINEAR LINEAR LINEAR LINEAR LINEAR</Name_array><technique_common><accessor source="#Head-Interpolations-array" count="20"><param type="name"/></accessor></technique_common></source><sampler id="Head-Matrix-animation-transform"><input semantic="INPUT" source="#Head-Matrix-animation-input"/><input semantic="OUTPUT" source="#Head-Matrix-animation-output-transform"/><input semantic="INTERPOLATION" source="#Head-Interpolations"/></sampler><channel source="#Head-Matrix-animation-transform" target="Head/matrix"/></animation>
    <animation id="Jaw-anim" name="Jaw"><source id="Jaw-Matrix-animation-input"><float_array id="Jaw-Matrix-animation-input-array" count="20">

0.000000 0.033333 0.066667 0.100000 0.133333 0.166667 0.200000 0.233333 0.266667 0.300000 0.333333 0.366667 0.400000 0.433333 0.466667 0.500000
0.533333 0.566667 0.600000 0.633333</float_array><technique_common><accessor source="#Jaw-Matrix-animation-input-array" count="20"><param name="TIME" type="float"/></accessor></technique_common></source><source id="Jaw-Matrix-animation-output-transform"><float_array id="Jaw-Matrix-animation-output-transform-array" count="320">

1.000000 0.000000 0.000000 0.003800 -0.000000 1.000000 0.000000 6.235000 -0.000000 0.000000 1.000000 4.413100 0.000000 0.000000 0.000000 1.000000
1.000000 -0.000000 0.000000 0.003800 0.000000 1.000000 0.000000 6.235000 -0.000000 -0.000000 1.000000 4.413100 0.000000 0.000000 0.000000 1.000000
1.000000 0.000000 -0.000000 0.003800 0.000000 1.000000 -0.000000 6.235000 0.000000 0.000000 1.000000 4.413100 0.000000 0.000000 0.000000 1.000000
1.000000 0.000000 0.000000 0.003800 0.000000 1.000000 0.000000 6.235000 -0.000000 0.000000 1.000000 4.413100 0.000000 0.000000 0.000000 1.000000
1.000000 -0.000000 0.000000 0.003800 0.000000 1.000000 0.000000 6.235000 0.000000 -0.000000 1.000000 4.413100 0.000000 0.000000 0.000000 1.000000
1.000000 -0.000000 0.000000 0.003800 0.000000 1.000000 0.000000 6.235000 -0.000000 0.000000 1.000000 4.413100 0.000000 0.000000 0.000000 1.000000
1.000000 -0.000000 0.000000 0.003800 0.000000 1.000000 0.000000 6.235000 0.000000 -0.000000 1.000000 4.413100 0.000000 0.000000 0.000000 1.000000
1.000000 0.000000 0.000000 0.003800 -0.000000 1.000000 -0.000000 6.235000 -0.000000 0.000000 1.000000 4.413100 0.000000 0.000000 0.000000 1.000000
1.000000 -0.000000 -0.000000 0.003800 0.000000 1.000000 -0.000000 6.235000 0.000000 0.000000 1.000000 4.413100 0.000000 0.000000 0.000000 1.000000
1.000000 -0.000000 -0.000000 0.003800 -0.000000 1.000000 -0.000000 6.235000 0.000000 0.000000 1.000000 4.413100 0.000000 0.000000 0.000000 1.000000
1.000000 0.000000 0.000000 0.003800 -0.000000 1.000000 0.000000 6.235000 0.000000 0.000000 1.000000 4.413100 0.000000 0.000000 0.000000 1.000000
1.000000 -0.000000 0.000000 0.003800 -0.000000 1.000000 -0.000000 6.235000 0.000000 -0.000000 1.000000 4.413100 0.000000 0.000000 0.000000 1.000000
1.000000 0.000000 0.000000 0.003800 -0.000000 1.000000 0.000000 6.235000 -0.000000 -0.000000 1.000000 4.413100 0.000000 0.000000 0.000000 1.000000
1.000000 0.000000 0.000000 0.003800 -0.000000 1.000000 -0.000000 6.235000 0.000000 -0.000000 1.000000 4.413100 0.000000 0.000000 0.000000 1.000000
1.000000 -0.000000 0.000000 0.003800 0.000000 1.000000 0.000000 6.235000 0.000000 0.000000 1.000000 4.413100 0.000000 0.000000 0.000000 1.000000
1.000000 0.000000 0.000000 0.003800 -0.000000 1.000000 -0.000000 6.235000 -0.000000 -0.000000 1.000000 4.413100 0.000000 0.000000 0.000000 1.000000
1.000000 0.000000 0.000000 0.003800 -0.000000 1.000000 0.000000 6.235000 0.000000 0.000000 1.000000 4.413100 0.000000 0.000000 0.000000 1.000000
1.000000 0.000000 0.000000 0.003800 0.000000 1.000000 0.000000 6.235000 0.000000 -0.000000 1.000000 4.413100 0.000000 0.000000 0.000000 1.000000
1.000000 0.000000 -0.000000 0.003800 0.000000 1.000000 -0.000000 6.235000 -0.000000 0.000000 1.000000 4.413100 0.000000 0.000000 0.000000 1.000000
1.000000 -0.000000 0.000000 0.003800 -0.000000 1.000000 -0.000000 6.235000 -0.000000 0.000000 1.000000 4.413100 0.000000 0.000000 0.000000 1.000000</float_array><technique_common><accessor source="#Jaw-Matrix-animation-output-transform-array" count="20" stride="16"><param type="float4x4"/></accessor></technique_common></source><source id="Jaw-Interpolations"><Name_array id="Jaw-Interpolations-array" count="20">
 LINEAR LINEAR LINEAR LINEAR LINEAR LINEAR LINEAR LINEAR LINEAR LINEAR LINEAR
LINEAR LINEAR LINEAR LINEAR LINEAR LINEAR LINEAR LINEAR LINEAR</Name_array><technique_common><accessor source="#Jaw-Interpolations-array" count="20"><param type="name"/></accessor></technique_common></source><sampler id="Jaw-Matrix-animation-transform"><input semantic="INPUT" source="#Jaw-Matrix-animation-input"/><input semantic="OUTPUT" source="#Jaw-Matrix-animation-output-transform"/><input semantic="INTERPOLATION" source="#Jaw-Interpolations"/></sampler><channel source="#Jaw-Matrix-animation-transform" target="Jaw/matrix"/></animation>
    <animation id="TongueBack-anim" name="TongueBack"><source id="TongueBack-Matrix-animation-input"><float_array id="TongueBack-Matrix-animation-input-array" count="20">

0.000000 0.033333 0.066667 0.100000 0.133333 0.166667 0.200000 0.233333 0.266667 0.300000 0.333333 0.366667 0.400000 0.433333 0.466667 0.500000
0.533333 0.566667 0.600000 0.633333</float_array><technique_common><accessor source="#TongueBack-Matrix-animation-input-array" count="20"><param name="TIME" type="float"/></accessor></technique_common></source><source id="TongueBack-Matrix-animation-output-transform"><float_array id="TongueBack-Matrix-animation-output-transform-array" count="320">

1.000000 0.000000 0.000000 -0.000000 -0.000000 1.000000 -0.000000 -3.351800 -0.000000 0.000000 1.000000 4.646800 0.000000 0.000000 0.000000 1.000000
1.000000 -0.000000 0.000000 0.000000 0.000000 1.000000 0.000000 -3.351800 0.000000 -0.000000 1.000000 4.646800 0.000000 0.000000 0.000000 1.000000
1.000000 -0.000000 0.000000 0.000000 0.000000 1.000000 0.000000 -3.351800 -0.000000 -0.000000 1.000000 4.646800 0.000000 0.000000 0.000000 1.000000
1.000000 -0.000000 0.000000 0.000000 -0.000000 1.000000 0.000000 -3.351800 -0.000000 0.000000 1.000000 4.646800 0.000000 0.000000 0.000000 1.000000
1.000000 -0.000000 0.000000 -0.000000 0.000000 1.000000 0.000000 -3.351800 -0.000000 -0.000000 1.000000 4.646800 0.000000 0.000000 0.000000 1.000000
1.000000 -0.000000 0.000000 0.000000 -0.000000 1.000000 0.000000 -3.351800 -0.000000 0.000000 1.000000 4.646800 0.000000 0.000000 0.000000 1.000000
1.000000 -0.000000 0.000000 -0.000000 0.000000 1.000000 0.000000 -3.351800 -0.000000 -0.000000 1.000000 4.646800 0.000000 0.000000 0.000000 1.000000
1.000000 0.000000 0.000000 -0.000000 0.000000 1.000000 -0.000000 -3.351800 -0.000000 0.000000 1.000000 4.646800 0.000000 0.000000 0.000000 1.000000
1.000000 0.000000 0.000000 0.000000 -0.000000 1.000000 -0.000000 -3.351800 0.000000 0.000000 1.000000 4.646800 0.000000 0.000000 0.000000 1.000000
1.000000 -0.000000 -0.000000 0.000000 -0.000000 1.000000 0.000000 -3.351800 0.000000 0.000000 1.000000 4.646800 0.000000 0.000000 0.000000 1.000000
1.000000 0.000000 0.000000 0.000000 -0.000000 1.000000 0.000000 -3.351800 0.000000 0.000000 1.000000 4.646800 0.000000 0.000000 0.000000 1.000000
1.000000 0.000000 0.000000 0.000000 -0.000000 1.000000 -0.000000 -3.351800 0.000000 -0.000000 1.000000 4.646800 0.000000 0.000000 0.000000 1.000000
1.000000 0.000000 0.000000 -0.000000 -0.000000 1.000000 0.000000 -3.351800 -0.000000 -0.000000 1.000000 4.646800 0.000000 0.000000 0.000000 1.000000
1.000000 0.000000 0.000000 0.000000 -0.000000 1.000000 -0.000000 -3.351800 -0.000000 -0.000000 1.000000 4.646800 0.000000 0.000000 0.000000 1.000000
1.000000 0.000000 -0.000000 0.000000 0.000000 1.000000 0.000000 -3.351800 0.000000 -0.000000 1.000000 4.646800 0.000000 0.000000 0.000000 1.000000
1.000000 0.000000 0.000000 0.000000 -0.000000 1.000000 -0.000000 -3.351800 0.000000 0.000000 1.000000 4.646800 0.000000 0.000000 0.000000 1.000000
1.000000 -0.000000 -0.000000 0.000000 -0.000000 1.000000 0.000000 -3.351800 -0.000000 0.000000 1.000000 4.646800 0.000000 0.000000 0.000000 1.000000
1.000000 0.000000 0.000000 0.000000 -0.000000 1.000000 0.000000 -3.351800 0.000000 0.000000 1.000000 4.646800 0.000000 0.000000 0.000000 1.000000
1.000000 0.000000 0.000000 -0.000000 0.000000 1.000000 0.000000 -3.351800 0.000000 0.000000 1.000000 4.646800 0.000000 0.000000 0.000000 1.000000
