<?xml version="1.0" encoding="utf-8"?>
<COLLADA xmlns="http://www.collada.org/2005/11/COLLADASchema" version="1.4.1">
  <asset><contributor><author>Mixamo</author><authoring_tool>COLLADA Mixamo exporter</authoring_tool><comments></comments></contributor><created>2018-12-18T13:50:46Z</created><modified>2018-12-18T13:50:46Z</modified><revision></revision><title></title><unit meter="0.010000"/><up_axis>Y_UP</up_axis></asset>
  <library_animations>
    <animation id="Hips-anim" name="Hips"><source id="Hips-Matrix-animation-input"><float_array id="Hips-Matrix-animation-input-array" count="17">

0.000000 0.033333 0.066667 0.100000 0.133333 0.166667 0.200000 0.233333 0.266667 0.300000 0.333333 0.366667 0.400000 0.433333 0.466667 0.500000
0.533333</float_array><technique_common><accessor source="#Hips-Matrix-animation-input-array" count="17"><param name="TIME" type="float"/></accessor></technique_common></source><source id="Hips-Matrix-animation-output-transform"><float_array id="Hips-Matrix-animation-output-transform-array" count="272">

0.730075 0.051056 -0.681457 0.069246 0.002630 0.996988 0.077514 89.495827 0.683362 -0.058384 0.727742 -0.878655 0.000000 0.000000 0.000000 1.000000
0.726016 0.028999 -0.687066 1.165617 -0.000978 0.999153 0.041138 89.005531 0.687677 -0.029195 0.725430 -1.239209 0.000000 0.000000 0.000000 1.000000
0.693465 -0.038476 -0.719462 4.130418 -0.010729 0.997911 -0.063709 85.890930 0.720411 0.051899 0.691603 -2.327264 0.000000 0.000000 0.000000 1.000000
0.639803 -0.126436 -0.758068 8.034638 -0.046023 0.978301 -0.202011 79.029694 0.767160 0.164136 0.620101 -3.787826 0.000000 0.000000 0.000000 1.000000
0.599884 -0.207424 -0.772731 11.508963 -0.076926 0.946382 -0.313756 68.811119 0.796380 0.247661 0.551764 -5.121959 0.000000 0.000000 0.000000 1.000000
0.596849 -0.254413 -0.760950 13.538927 -0.033510 0.939666 -0.340447 58.483963 0.801654 0.228695 0.552313 -5.313161 0.000000 0.000000 0.000000 1.000000
0.605610 -0.213142 -0.766685 13.203705 -0.001517 0.963150 -0.268959 53.101284 0.795760 0.164048 0.582970 -4.880793 0.000000 0.000000 0.000000 1.000000
0.645311 -0.101255 -0.757180 10.383737 0.011289 0.992333 -0.123080 54.740845 0.763837 0.070877 0.641506 -4.538421 0.000000 0.000000 0.000000 1.000000
0.712431 -0.015518 -0.701570 5.696296 0.019847 0.999801 -0.001961 63.476650 0.701461 -0.012527 0.712597 -5.105196 0.000000 0.000000 0.000000 1.000000
0.764317 0.072651 -0.640735 -0.401067 0.037384 0.986970 0.156503 77.890945 0.643756 -0.143571 0.751642 -4.307427 0.000000 0.000000 0.000000 1.000000
0.770465 0.094402 -0.630454 -6.946717 0.058642 0.974285 0.217552 95.369576 0.634779 -0.204588 0.745117 -2.511539 0.000000 0.000000 0.000000 1.000000
0.773755 0.023035 -0.633066 -7.927772 0.107927 0.979935 0.167568 113.138199 0.624224 -0.197981 0.755743 -2.821553 0.000000 0.000000 0.000000 1.000000
0.772503 -0.097598 -0.627466 -4.649419 0.166627 0.984649 0.051986 128.207047 0.612760 -0.144712 0.776906 -4.491584 0.000000 0.000000 0.000000 1.000000
0.756094 -0.183253 -0.628284 -2.437694 0.228557 0.973490 -0.008888 138.526794 0.613257 -0.136878 0.777933 -6.560483 0.000000 0.000000 0.000000 1.000000
0.757642 -0.140163 -0.637442 -2.485367 0.240802 0.967794 0.073406 143.794647 0.606624 -0.209113 0.766994 -7.865382 0.000000 0.000000 0.000000 1.000000
0.790581 -0.068741 -0.608487 -4.004388 0.262509 0.935788 0.235351 144.082825 0.553236 -0.345797 0.757862 -7.906653 0.000000 0.000000 0.000000 1.000000
0.824571 -0.019190 -0.565432 -5.026990 0.234902 0.920819 0.311307 143.660797 0.514687 -0.389517 0.763789 -7.728301 0.000000 0.000000 0.000000 1.000000</float_array><technique_common><accessor source="#Hips-Matrix-animation-output-transform-array" count="17" stride="16"><param type="float4x4"/></accessor></technique_common></source><source id="Hips-Interpolations"><Name_array id="Hips-Interpolations-array" count="17">
 LINEAR LINEAR LINEAR LINEAR LINEAR LINEAR LINEAR LINEAR LINEAR LINEAR LINEAR
LINEAR LINEAR LINEAR LINEAR LINEAR LINEAR</Name_array><technique_common><accessor source="#Hips-Interpolations-array" count="17"><param type="name"/></accessor></technique_common></source><sampler id="Hips-Matrix-animation-transform"><input semantic="INPUT" source="#Hips-Matrix-animation-input"/><input semantic="OUTPUT" source="#Hips-Matrix-animation-output-transform"/><input semantic="INTERPOLATION" source="#Hips-Interpolations"/></sampler><channel source="#Hips-Matrix-animation-transform" target="Hips/matrix"/></animation>
    <animation id="Spine-anim" name="Spine"><source id="Spine-Matrix-animation-input"><float_array id="Spine-Matrix-animation-input-array" count="17">

0.000000 0.033333 0.066667 0.100000 0.133333 0.166667 0.200000 0.233333 0.266667 0.300000 0.333333 0.366667 0.400000 0.433333 0.466667 0.500000
0.533333</float_array><technique_common><accessor source="#Spine-Matrix-animation-input-array" count="17"><param name="TIME" type="float"/></accessor></technique_common></source><source id="Spine-Matrix-animation-output-transform"><float_array id="Spine-Matrix-animation-output-transform-array" count="272">

0.996594 0.021669 0.079570 -0.000000 -0.013537 0.994758 -0.101356 9.226300 -0.081349 0.099934 0.991663 1.577100 0.000000 0.000000 0.000000 1.000000
0.997377 0.021056 0.069249 0.000000 -0.013868 0.994617 -0.102684 9.226300 -0.071038 0.101454 0.992301 1.577100 0.000000 0.000000 0.000000 1.000000
0.998091 0.018473 0.058938 -0.000000 -0.012075 0.994173 -0.107121 9.226300 -0.060574 0.106205 0.992498 1.577100 0.000000 0.000000 0.000000 1.000000
0.998707 0.010988 0.049637 -0.000000 -0.005145 0.993196 -0.116337 9.226300 -0.050577 0.115932 0.991969 1.577100 0.000000 0.000000 0.000000 1.000000
0.999508 0.004638 0.031024 0.000000 -0.000560 0.991490 -0.130182 9.226300 -0.031364 0.130100 0.991005 1.577100 0.000000 0.000000 0.000000 1.000000
0.999906 0.003643 0.013187 -0.000000 -0.001646 0.988935 -0.148341 9.226300 -0.013582 0.148306 0.988848 1.577100 0.000000 0.000000 0.000000 1.000000
0.999969 0.003122 0.007275 0.000000 -0.001941 0.987588 -0.157056 9.226300 -0.007675 0.157037 0.987563 1.577100 0.000000 0.000000 0.000000 1.000000
0.999933 -0.000399 0.011537 0.000000 0.002172 0.988056 -0.154078 9.226300 -0.011338 0.154093 0.987991 1.577100 0.000000 0.000000 0.000000 1.000000
0.999905 -0.000786 0.013797 0.000000 0.002603 0.991231 -0.132114 9.226300 -0.013572 0.132137 0.991139 1.577100 0.000000 0.000000 0.000000 1.000000
0.999766 0.003948 0.021250 0.000000 -0.001349 0.992659 -0.120942 9.226300 -0.021571 0.120885 0.992432 1.577100 0.000000 0.000000 0.000000 1.000000
0.999385 0.016297 0.031039 0.000000 -0.013359 0.995613 -0.092609 9.226300 -0.032412 0.092138 0.995219 1.577100 0.000000 0.000000 0.000000 1.000000
0.998946 0.028049 0.036347 0.000000 -0.024608 0.995467 -0.091866 9.226300 -0.038759 0.090875 0.995108 1.577100 0.000000 0.000000 0.000000 1.000000
0.998620 0.040673 0.033223 0.000000 -0.036791 0.993238 -0.110112 9.226300 -0.037477 0.108737 0.993364 1.577100 0.000000 0.000000 0.000000 1.000000
0.998239 0.057058 0.016214 -0.000000 -0.054277 0.988899 -0.138320 9.226300 -0.023927 0.137197 0.990255 1.577100 0.000000 0.000000 0.000000 1.000000
0.997640 0.068649 -0.000927 0.000000 -0.067609 0.979994 -0.187191 9.226300 -0.011942 0.186812 0.982323 1.577100 0.000000 0.000000 0.000000 1.000000
0.997086 0.075774 -0.008789 0.000000 -0.075675 0.968048 -0.239075 9.226300 -0.009608 0.239043 0.970961 1.577100 0.000000 0.000000 0.000000 1.000000
0.997564 0.068517 -0.013075 -0.000000 -0.069584 0.964473 -0.254853 9.226300 -0.004851 0.255142 0.966891 1.577100 0.000000 0.000000 0.000000 1.000000</float_array><technique_common><accessor source="#Spine-Matrix-animation-output-transform-array" count="17" stride="16"><param type="float4x4"/></accessor></technique_common></source><source id="Spine-Interpolations"><Name_array id="Spine-Interpolations-array" count="17">
 LINEAR LINEAR LINEAR LINEAR LINEAR LINEAR LINEAR LINEAR LINEAR LINEAR LINEAR
LINEAR LINEAR LINEAR LINEAR LINEAR LINEAR</Name_array><technique_common><accessor source="#Spine-Interpolations-array" count="17"><param type="name"/></accessor></technique_common></source><sampler id="Spine-Matrix-animation-transform"><input semantic="INPUT" source="#Spine-Matrix-animation-input"/><input semantic="OUTPUT" source="#Spine-Matrix-animation-output-transform"/><input semantic="INTERPOLATION" source="#Spine-Interpolations"/></sampler><channel source="#Spine-Matrix-animation-transform" target="Spine/matrix"/></animation>
    <animation id="Spine1-anim" name="Spine1"><source id="Spine1-Matrix-animation-input"><float_array id="Spine1-Matrix-animation-input-array" count="17">

0.000000 0.033333 0.066667 0.100000 0.133333 0.166667 0.200000 0.233333 0.266667 0.300000 0.333333 0.366667 0.400000 0.433333 0.466667 0.500000
0.533333</float_array><technique_common><accessor source="#Spine1-Matrix-animation-input-array" count="17"><param name="TIME" type="float"/></accessor></technique_common></source><source id="Spine1-Matrix-animation-output-transform"><float_array id="Spine1-Matrix-animation-output-transform-array" count="272">

0.986175 0.053057 0.156981 0.000000 -0.020419 0.979043 -0.202627 16.254000 -0.164442 0.196621 0.966592 -0.165600 0.000000 0.000000 0.000000 1.000000
0.989341 0.050927 0.136421 0.000000 -0.022076 0.978476 -0.205174 16.254000 -0.143933 0.199975 0.969171 -0.165600 0.000000 0.000000 0.000000 1.000000
0.992304 0.044857 0.115419 0.000000 -0.019298 0.976713 -0.213679 16.254000 -0.122316 0.209807 0.970062 -0.165600 0.000000 0.000000 0.000000 1.000000
0.995002 0.031448 0.094772 -0.000000 -0.008696 0.972794 -0.231509 16.254000 -0.099474 0.229528 0.968206 -0.165600 0.000000 0.000000 0.000000 1.000000
0.998368 0.016917 0.054544 0.000000 -0.002257 0.966057 -0.258320 16.254000 -0.057063 0.257775 0.964518 -0.165600 0.000000 0.000000 0.000000 1.000000
0.999759 0.007733 0.020559 0.000000 -0.001360 0.955987 -0.293404 16.254000 -0.021923 0.293306 0.955767 -0.165600 0.000000 0.000000 0.000000 1.000000
0.999948 0.003648 0.009573 -0.000000 -0.000499 0.950671 -0.310199 16.254000 -0.010232 0.310178 0.950623 -0.165600 0.000000 0.000000 0.000000 1.000000
0.999824 -0.002818 0.018572 0.000000 0.008339 0.952505 -0.304409 16.254000 -0.016832 0.304510 0.952360 -0.165600 0.000000 0.000000 0.000000 1.000000
0.999712 -0.001472 0.023933 0.000000 0.007690 0.965078 -0.261852 16.254000 -0.022711 0.261960 0.964811 -0.165600 0.000000 0.000000 0.000000 1.000000
0.999049 0.010830 0.042231 -0.000000 -0.000373 0.970743 -0.240120 16.254000 -0.043596 0.239876 0.969824 -0.165600 0.000000 0.000000 0.000000 1.000000
0.997386 0.036850 0.062148 0.000000 -0.024780 0.982454 -0.184850 16.254000 -0.067869 0.182827 0.980800 -0.165600 0.000000 0.000000 0.000000 1.000000
0.995888 0.056835 0.070551 0.000000 -0.043036 0.982052 -0.183634 16.254000 -0.079722 0.179843 0.980460 -0.165600 0.000000 0.000000 0.000000 1.000000
0.995205 0.074680 0.063159 0.000000 -0.059145 0.973817 -0.219503 16.254000 -0.077897 0.214715 0.973565 -0.165600 0.000000 0.000000 0.000000 1.000000
0.994712 0.097566 0.032083 -0.000000 -0.085102 0.957858 -0.274347 16.254000 -0.057498 0.270166 0.961095 -0.165600 0.000000 0.000000 0.000000 1.000000
0.993187 0.116486 -0.003196 -0.000000 -0.109496 0.923497 -0.367647 16.254000 -0.039874 0.365492 0.929960 -0.165600 0.000000 0.000000 0.000000 1.000000
0.991806 0.125754 -0.022516 0.000000 -0.121798 0.877582 -0.463697 16.254000 -0.038552 0.462640 0.885708 -0.165600 0.000000 0.000000 0.000000 1.000000
0.993413 0.110151 -0.031569 0.000000 -0.111370 0.863347 -0.492168 16.254000 -0.026958 0.492442 0.869928 -0.165600 0.000000 0.000000 0.000000 1.000000</float_array><technique_common><accessor source="#Spine1-Matrix-animation-output-transform-array" count="17" stride="16"><param type="float4x4"/></accessor></technique_common></source><source id="Spine1-Interpolations"><Name_array id="Spine1-Interpolations-array" count="17">
 LINEAR LINEAR LINEAR LINEAR LINEAR LINEAR LINEAR LINEAR LINEAR LINEAR LINEAR
LINEAR LINEAR LINEAR LINEAR LINEAR LINEAR</Name_array><technique_common><accessor source="#Spine1-Interpolations-array" count="17"><param type="name"/></accessor></technique_common></source><sampler id="Spine1-Matrix-animation-transform"><input semantic="INPUT" source="#Spine1-Matrix-animation-input"/><input semantic="OUTPUT" source="#Spine1-Matrix-animation-output-transform"/><input semantic="INTERPOLATION" source="#Spine1-Interpolations"/></sampler><channel source="#Spine1-Matrix-animation-transform" target="Spine1/matrix"/></animation>
    <animation id="Spine2-anim" name="Spine2"><source id="Spine2-Matrix-animation-input"><float_array id="Spine2-Matrix-animation-input-array" count="17">

0.000000 0.033333 0.066667 0.100000 0.133333 0.166667 0.200000 0.233333 0.266667 0.300000 0.333333 0.366667 0.400000 0.433333 0.466667 0.500000
0.533333</float_array><technique_common><accessor source="#Spine2-Matrix-animation-input-array" count="17"><param name="TIME" type="float"/></accessor></technique_common></source><source id="Spine2-Matrix-animation-output-transform"><float_array id="Spine2-Matrix-animation-output-transform-array" count="272">

0.986175 0.053057 0.156981 0.000000 -0.020419 0.979043 -0.202627 13.639600 -0.164442 0.196621 0.966592 -1.292300 0.000000 0.000000 0.000000 1.000000
0.989341 0.050927 0.136420 -0.000000 -0.022076 0.978476 -0.205174 13.639600 -0.143933 0.199976 0.969171 -1.292300 0.000000 0.000000 0.000000 1.000000
0.992304 0.044857 0.115419 0.000000 -0.019298 0.976713 -0.213679 13.639600 -0.122316 0.209807 0.970062 -1.292300 0.000000 0.000000 0.000000 1.000000
0.995002 0.031448 0.094771 0.000000 -0.008696 0.972794 -0.231509 13.639600 -0.099473 0.229528 0.968206 -1.292300 0.000000 0.000000 0.000000 1.000000
0.998368 0.016918 0.054544 0.000000 -0.002257 0.966057 -0.258320 13.639600 -0.057063 0.257775 0.964518 -1.292300 0.000000 0.000000 0.000000 1.000000
0.999759 0.007733 0.020559 0.000000 -0.001360 0.955987 -0.293404 13.639600 -0.021923 0.293305 0.955767 -1.292300 0.000000 0.000000 0.000000 1.000000
0.999948 0.003648 0.009573 0.000000 -0.000499 0.950671 -0.310199 13.639600 -0.010233 0.310178 0.950623 -1.292300 0.000000 0.000000 0.000000 1.000000
0.999824 -0.002818 0.018572 0.000000 0.008339 0.952505 -0.304409 13.639600 -0.016832 0.304510 0.952360 -1.292300 0.000000 0.000000 0.000000 1.000000
0.999712 -0.001472 0.023932 0.000000 0.007690 0.965078 -0.261852 13.639600 -0.022711 0.261960 0.964811 -1.292300 0.000000 0.000000 0.000000 1.000000
0.999049 0.010830 0.042231 -0.000000 -0.000373 0.970743 -0.240120 13.639600 -0.043596 0.239876 0.969824 -1.292300 0.000000 0.000000 0.000000 1.000000
0.997386 0.036850 0.062148 0.000000 -0.024780 0.982454 -0.184851 13.639600 -0.067869 0.182827 0.980800 -1.292300 0.000000 0.000000 0.000000 1.000000
0.995888 0.056835 0.070551 0.000000 -0.043036 0.982052 -0.183635 13.639600 -0.079722 0.179843 0.980459 -1.292300 0.000000 0.000000 0.000000 1.000000
0.995205 0.074680 0.063159 0.000000 -0.059145 0.973817 -0.219503 13.639600 -0.077897 0.214715 0.973565 -1.292300 0.000000 0.000000 0.000000 1.000000
0.994712 0.097566 0.032084 0.000000 -0.085102 0.957858 -0.274347 13.639600 -0.057498 0.270166 0.961095 -1.292300 0.000000 0.000000 0.000000 1.000000
0.993187 0.116486 -0.003196 0.000000 -0.109496 0.923497 -0.367647 13.639600 -0.039874 0.365492 0.929960 -1.292300 0.000000 0.000000 0.000000 1.000000
0.991806 0.125754 -0.022516 0.000000 -0.121798 0.877582 -0.463697 13.639600 -0.038552 0.462640 0.885708 -1.292300 0.000000 0.000000 0.000000 1.000000
0.993413 0.110151 -0.031569 0.000000 -0.111369 0.863347 -0.492168 13.639600 -0.026958 0.492442 0.869928 -1.292300 0.000000 0.000000 0.000000 1.000000</float_array><technique_common><accessor source="#Spine2-Matrix-animation-output-transform-array" count="17" stride="16"><param type="float4x4"/></accessor></technique_common></source><source id="Spine2-Interpolations"><Name_array id="Spine2-Interpolations-array" count="17">
 LINEAR LINEAR LINEAR LINEAR LINEAR LINEAR LINEAR LINEAR LINEAR LINEAR LINEAR
LINEAR LINEAR LINEAR LINEAR LINEAR LINEAR</Name_array><technique_common><accessor source="#Spine2-Interpolations-array" count="17"><param type="name"/></accessor></technique_common></source><sampler id="Spine2-Matrix-animation-transform"><input semantic="INPUT" source="#Spine2-Matrix-animation-input"/><input semantic="OUTPUT" source="#Spine2-Matrix-animation-output-transform"/><input semantic="INTERPOLATION" source="#Spine2-Interpolations"/></sampler><channel source="#Spine2-Matrix-animation-transform" target="Spine2/matrix"/></animation>
    <animation id="Neck-anim" name="Neck"><source id="Neck-Matrix-animation-input"><float_array id="Neck-Matrix-animation-input-array" count="17">

0.000000 0.033333 0.066667 0.100000 0.133333 0.166667 0.200000 0.233333 0.266667 0.300000 0.333333 0.366667 0.400000 0.433333 0.466667 0.500000
0.533333</float_array><technique_common><accessor source="#Neck-Matrix-animation-input-array" count="17"><param name="TIME" type="float"/></accessor></technique_common></source><source id="Neck-Matrix-animation-output-transform"><float_array id="Neck-Matrix-animation-output-transform-array" count="272">

0.999743 -0.003438 -0.022414 0.000000 0.005111 0.997169 0.075015 13.877400 0.022093 -0.075110 0.996931 -4.354200 0.000000 0.000000 0.000000 1.000000
0.999958 -0.008351 -0.003766 0.000000 0.008688 0.994854 0.100943 13.877400 0.002904 -0.100971 0.994885 -4.354200 0.000000 0.000000 0.000000 1.000000
0.999255 -0.008287 0.037698 -0.000000 0.002027 0.986601 0.163141 13.877400 -0.038545 -0.162943 0.985882 -4.354200 0.000000 0.000000 0.000000 1.000000
0.995471 0.007490 0.094767 0.000000 -0.027618 0.976682 0.212910 13.877400 -0.090962 -0.214563 0.972465 -4.354200 0.000000 0.000000 0.000000 1.000000
0.989362 0.045900 0.138046 -0.000000 -0.074682 0.974587 0.211195 13.877400 -0.124844 -0.219258 0.967647 -4.354200 0.000000 0.000000 0.000000 1.000000
0.987263 0.068864 0.143423 0.000000 -0.095542 0.977443 0.188351 13.877400 -0.127218 -0.199655 0.971573 -4.354200 0.000000 0.000000 0.000000 1.000000
0.990713 0.047708 0.127327 -0.000000 -0.072649 0.977284 0.199095 13.877400 -0.114936 -0.206496 0.971673 -4.354200 0.000000 0.000000 0.000000 1.000000
0.993242 0.011307 0.115509 0.000000 -0.037984 0.972103 0.231459 13.877400 -0.109670 -0.234283 0.965963 -4.354200 0.000000 0.000000 0.000000 1.000000
0.994480 -0.030153 0.100505 0.000000 0.007810 0.976436 0.215665 13.877400 -0.104640 -0.213690 0.971281 -4.354200 0.000000 0.000000 0.000000 1.000000
0.994738 -0.074481 0.070355 0.000000 0.067822 0.993380 0.092719 13.877400 -0.076795 -0.087459 0.993204 -4.354200 0.000000 0.000000 0.000000 1.000000
0.992733 -0.112674 0.042252 0.000000 0.115646 0.990369 -0.076132 13.877400 -0.033267 0.080465 0.996202 -4.354200 0.000000 0.000000 0.000000 1.000000
0.994760 -0.093212 0.041998 0.000000 0.099234 0.979141 -0.177299 13.877400 -0.024596 0.180537 0.983261 -4.354200 0.000000 0.000000 0.000000 1.000000
0.997488 -0.025612 0.066049 -0.000000 0.042129 0.964037 -0.262408 13.877400 -0.056953 0.264531 0.962694 -4.354200 0.000000 0.000000 0.000000 1.000000
0.996586 0.031994 0.076110 0.000000 -0.009551 0.960350 -0.278634 13.877400 -0.082007 0.276956 0.957377 -4.354200 0.000000 0.000000 0.000000 1.000000
0.996433 0.052786 0.065845 0.000000 -0.041402 0.985652 -0.163631 13.877400 -0.073538 0.160321 0.984322 -4.354200 0.000000 0.000000 0.000000 1.000000
0.994287 0.082929 0.067204 0.000000 -0.079041 0.995148 -0.058584 13.877400 -0.071736 0.052938 0.996018 -4.354200 0.000000 0.000000 0.000000 1.000000
0.989110 0.122186 0.082052 0.000000 -0.120407 0.992376 -0.026307 13.877400 -0.084641 0.016141 0.996281 -4.354200 0.000000 0.000000 0.000000 1.000000</float_array><technique_common><accessor source="#Neck-Matrix-animation-output-transform-array" count="17" stride="16"><param type="float4x4"/></accessor></technique_common></source><source id="Neck-Interpolations"><Name_array id="Neck-Interpolations-array" count="17">
 LINEAR LINEAR LINEAR LINEAR LINEAR LINEAR LINEAR LINEAR LINEAR LINEAR LINEAR
LINEAR LINEAR LINEAR LINEAR LINEAR LINEAR</Name_array><technique_common><accessor source="#Neck-Interpolations-array" count="17"><param type="name"/></accessor></technique_common></source><sampler id="Neck-Matrix-animation-transform"><input semantic="INPUT" source="#Neck-Matrix-animation-input"/><input semantic="OUTPUT" source="#Neck-Matrix-animation-output-transform"/><input semantic="INTERPOLATION" source="#Neck-Interpolations"/></sampler><channel source="#Neck-Matrix-animation-transform" target="Neck/matrix"/></animation>
    <animation id="Neck1-anim" name="Neck1"><source id="Neck1-Matrix-animation-input"><float_array id="Neck1-Matrix-animation-input-array" count="17">

0.000000 0.033333 0.066667 0.100000 0.133333 0.166667 0.200000 0.233333 0.266667 0.300000 0.333333 0.366667 0.400000 0.433333 0.466667 0.500000
0.533333</float_array><technique_common><accessor source="#Neck1-Matrix-animation-input-array" count="17"><param name="TIME" type="float"/></accessor></technique_common></source><source id="Neck1-Matrix-animation-output-transform"><float_array id="Neck1-Matrix-animation-output-transform-array" count="272">

1.000000 0.000000 0.000000 -0.000000 0.000000 1.000000 -0.000000 4.340000 -0.000000 0.000000 1.000000 0.926900 0.000000 0.000000 0.000000 1.000000
1.000000 -0.000000 0.000000 0.000000 -0.000000 1.000000 0.000000 4.340000 -0.000000 0.000000 1.000000 0.926900 0.000000 0.000000 0.000000 1.000000
1.000000 0.000000 -0.000000 0.000000 -0.000000 1.000000 -0.000000 4.340000 0.000000 0.000000 1.000000 0.926900 0.000000 0.000000 0.000000 1.000000
1.000000 -0.000000 0.000000 0.000000 -0.000000 1.000000 -0.000000 4.340000 -0.000000 0.000000 1.000000 0.926900 0.000000 0.000000 0.000000 1.000000
1.000000 0.000000 0.000000 -0.000000 0.000000 1.000000 0.000000 4.340000 0.000000 -0.000000 1.000000 0.926900 0.000000 0.000000 0.000000 1.000000
1.000000 0.000000 -0.000000 -0.000000 -0.000000 1.000000 0.000000 4.340000 0.000000 -0.000000 1.000000 0.926900 0.000000 0.000000 0.000000 1.000000
1.000000 -0.000000 0.000000 0.000000 0.000000 1.000000 -0.000000 4.340000 0.000000 0.000000 1.000000 0.926900 0.000000 0.000000 0.000000 1.000000
1.000000 0.000000 0.000000 0.000000 0.000000 1.000000 -0.000000 4.340000 0.000000 0.000000 1.000000 0.926900 0.000000 0.000000 0.000000 1.000000
1.000000 0.000000 0.000000 0.000000 0.000000 1.000000 0.000000 4.340000 -0.000000 -0.000000 1.000000 0.926900 0.000000 0.000000 0.000000 1.000000
1.000000 0.000000 0.000000 0.000000 -0.000000 1.000000 0.000000 4.340000 0.000000 -0.000000 1.000000 0.926900 0.000000 0.000000 0.000000 1.000000
1.000000 -0.000000 0.000000 -0.000000 0.000000 1.000000 -0.000000 4.340000 -0.000000 0.000000 1.000000 0.926900 0.000000 0.000000 0.000000 1.000000
1.000000 0.000000 0.000000 0.000000 0.000000 1.000000 0.000000 4.340000 0.000000 0.000000 1.000000 0.926900 0.000000 0.000000 0.000000 1.000000
1.000000 -0.000000 -0.000000 -0.000000 0.000000 1.000000 0.000000 4.340000 0.000000 0.000000 1.000000 0.926900 0.000000 0.000000 0.000000 1.000000
1.000000 0.000000 -0.000000 -0.000000 -0.000000 1.000000 0.000000 4.340000 -0.000000 -0.000000 1.000000 0.926900 0.000000 0.000000 0.000000 1.000000
1.000000 0.000000 0.000000 0.000000 0.000000 1.000000 0.000000 4.340000 0.000000 0.000000 1.000000 0.926900 0.000000 0.000000 0.000000 1.000000
1.000000 -0.000000 0.000000 0.000000 0.000000 1.000000 0.000000 4.340000 -0.000000 0.000000 1.000000 0.926900 0.000000 0.000000 0.000000 1.000000
1.000000 -0.000000 0.000000 0.000000 0.000000 1.000000 0.000000 4.340000 -0.000000 0.000000 1.000000 0.926900 0.000000 0.000000 0.000000 1.000000</float_array><technique_common><accessor source="#Neck1-Matrix-animation-output-transform-array" count="17" stride="16"><param type="float4x4"/></accessor></technique_common></source><source id="Neck1-Interpolations"><Name_array id="Neck1-Interpolations-array" count="17">
 LINEAR LINEAR LINEAR LINEAR LINEAR LINEAR LINEAR LINEAR LINEAR LINEAR LINEAR
LINEAR LINEAR LINEAR LINEAR LINEAR LINEAR</Name_array><technique_common><accessor source="#Neck1-Interpolations-array" count="17"><param type="name"/></accessor></technique_common></source><sampler id="Neck1-Matrix-animation-transform"><input semantic="INPUT" source="#Neck1-Matrix-animation-input"/><input semantic="OUTPUT" source="#Neck1-Matrix-animation-output-transform"/><input semantic="INTERPOLATION" source="#Neck1-Interpolations"/></sampler><channel source="#Neck1-Matrix-animation-transform" target="Neck1/matrix"/></animation>
    <animation id="Head-anim" name="Head"><source id="Head-Matrix-animation-input"><float_array id="Head-Matrix-animation-input-array" count="17">

0.000000 0.033333 0.066667 0.100000 0.133333 0.166667 0.200000 0.233333 0.266667 0.300000 0.333333 0.366667 0.400000 0.433333 0.466667 0.500000
0.533333</float_array><technique_common><accessor source="#Head-Matrix-animation-input-array" count="17"><param name="TIME" type="float"/></accessor></technique_common></source><source id="Head-Matrix-animation-output-transform"><float_array id="Head-Matrix-animation-output-transform-array" count="272">

0.937031 0.006188 0.349190 0.000000 -0.044709 0.993742 0.102364 4.026600 -0.346371 -0.111530 0.931444 0.858500 0.000000 0.000000 0.000000 1.000000
0.930745 0.023716 0.364900 -0.000000 -0.058897 0.994588 0.085587 4.026600 -0.360895 -0.101151 0.927105 0.858500 0.000000 0.000000 0.000000 1.000000
0.912005 0.077575 0.402778 0.000000 -0.132285 0.985112 0.109800 4.026600 -0.388263 -0.153419 0.908688 0.858500 0.000000 0.000000 0.000000 1.000000
0.886390 0.106883 0.450432 -0.000000 -0.217161 0.955288 0.200664 4.026600 -0.408845 -0.275683 0.869968 0.858500 0.000000 0.000000 0.000000 1.000000
0.886802 0.087447 0.453801 0.000000 -0.266390 0.899117 0.347311 4.026600 -0.377649 -0.428884 0.820634 0.858500 0.000000 0.000000 0.000000 1.000000
0.909702 0.072138 0.408948 -0.000000 -0.270303 0.850467 0.451267 4.026600 -0.315243 -0.521058 0.793171 0.858500 0.000000 0.000000 0.000000 1.000000
0.926547 0.069665 0.369672 -0.000000 -0.245106 0.857271 0.452779 4.026600 -0.285366 -0.510130 0.811377 0.858500 0.000000 0.000000 0.000000 1.000000
0.931999 0.063978 0.356769 0.000000 -0.206339 0.902889 0.377114 4.026600 -0.297996 -0.425085 0.854693 0.858500 0.000000 0.000000 0.000000 1.000000
0.937848 0.052592 0.343037 -0.000000 -0.143475 0.958781 0.245263 4.026600 -0.315999 -0.279236 0.906737 0.858500 0.000000 0.000000 0.000000 1.000000
0.950601 0.075120 0.301189 0.000000 -0.096803 0.993630 0.057703 4.026600 -0.294936 -0.084008 0.951817 0.858500 0.000000 0.000000 0.000000 1.000000
0.951766 0.152694 0.266132 -0.000000 -0.124443 0.984936 -0.120065 4.026600 -0.280457 0.081155 0.956430 0.858500 0.000000 0.000000 0.000000 1.000000
0.937775 0.214855 0.272793 0.000000 -0.194013 0.975729 -0.101544 4.026600 -0.287989 0.042300 0.956699 0.858500 0.000000 0.000000 0.000000 1.000000
0.926197 0.197582 0.321123 -0.000000 -0.226846 0.972318 0.056028 4.026600 -0.301164 -0.124739 0.945379 0.858500 0.000000 0.000000 0.000000 1.000000
0.941341 0.140419 0.306855 -0.000000 -0.188403 0.973089 0.132674 4.026600 -0.279968 -0.182704 0.942463 0.858500 0.000000 0.000000 0.000000 1.000000
0.974540 0.084731 0.207587 0.000000 -0.104458 0.990806 0.085971 4.026600 -0.198394 -0.105466 0.974431 0.858500 0.000000 0.000000 0.000000 1.000000
0.990801 0.017061 0.134245 0.000000 -0.017529 0.999844 0.002302 4.026600 -0.134185 -0.004634 0.990946 0.858500 0.000000 0.000000 0.000000 1.000000
0.990303 -0.040331 0.132938 -0.000000 0.046704 0.997887 -0.045170 4.026600 -0.130836 0.050940 0.990095 0.858500 0.000000 0.000000 0.000000 1.000000</float_array><technique_common><accessor source="#Head-Matrix-animation-output-transform-array" count="17" stride="16"><param type="float4x4"/></accessor></technique_common></source><source id="Head-Interpolations"><Name_array id="Head-Interpolations-array" count="17">
 LINEAR LINEAR LINEAR LINEAR LINEAR LINEAR LINEAR LINEAR LINEAR LINEAR LINEAR
LINEAR LINEAR LINEAR LINEAR LINEAR LINEAR</Name_array><technique_common><accessor source="#Head-Interpolations-array" count="17"><param type="name"/></accessor></technique_common></source><sampler id="Head-Matrix-animation-transform"><input semantic="INPUT" source="#Head-Matrix-animation-input"/><input semantic="OUTPUT" source="#Head-Matrix-animation-output-transform"/><input semantic="INTERPOLATION" source="#Head-Interpolations"/></sampler><channel source="#Head-Matrix-animation-transform" target="Head/matrix"/></animation>
    <animation id="Jaw-anim" name="Jaw"><source id="Jaw-Matrix-animation-input"><float_array id="Jaw-Matrix-animation-input-array" count="17">

0.000000 0.033333 0.066667 0.100000 0.133333 0.166667 0.200000 0.233333 0.266667 0.300000 0.333333 0.366667 0.400000 0.433333 0.466667 0.500000
0.533333</float_array><technique_common><accessor source="#Jaw-Matrix-animation-input-array" count="17"><param name="TIME" type="float"/></accessor></technique_common></source><source id="Jaw-Matrix-animation-output-transform"><float_array id="Jaw-Matrix-animation-output-transform-array" count="272">

1.000000 0.000000 -0.000000 0.003800 -0.000000 1.000000 0.000000 6.235000 0.000000 0.000000 1.000000 4.413100 0.000000 0.000000 0.000000 1.000000
1.000000 -0.000000 0.000000 0.003800 0.000000 1.000000 0.000000 6.235000 0.000000 0.000000 1.000000 4.413100 0.000000 0.000000 0.000000 1.000000
1.000000 -0.000000 0.000000 0.003800 -0.000000 1.000000 0.000000 6.235000 -0.000000 0.000000 1.000000 4.413100 0.000000 0.000000 0.000000 1.000000
1.000000 -0.000000 -0.000000 0.003800 0.000000 1.000000 0.000000 6.235000 0.000000 0.000000 1.000000 4.413100 0.000000 0.000000 0.000000 1.000000
1.000000 0.000000 0.000000 0.003800 -0.000000 1.000000 0.000000 6.235000 -0.000000 -0.000000 1.000000 4.413100 0.000000 0.000000 0.000000 1.000000
1.000000 0.000000 -0.000000 0.003800 0.000000 1.000000 -0.000000 6.235000 -0.000000 0.000000 1.000000 4.413100 0.000000 0.000000 0.000000 1.000000
1.000000 0.000000 0.000000 0.003800 0.000000 1.000000 -0.000000 6.235000 0.000000 -0.000000 1.000000 4.413100 0.000000 0.000000 0.000000 1.000000
1.000000 0.000000 0.000000 0.003800 -0.000000 1.000000 0.000000 6.235000 0.000000 -0.000000 1.000000 4.413100 0.000000 0.000000 0.000000 1.000000
1.000000 0.000000 0.000000 0.003800 -0.000000 1.000000 0.000000 6.235000 -0.000000 0.000000 1.000000 4.413100 0.000000 0.000000 0.000000 1.000000
1.000000 -0.000000 0.000000 0.003800 -0.000000 1.000000 0.000000 6.235000 0.000000 -0.000000 1.000000 4.413100 0.000000 0.000000 0.000000 1.000000
1.000000 0.000000 0.000000 0.003800 0.000000 1.000000 0.000000 6.235000 0.000000 -0.000000 1.000000 4.413100 0.000000 0.000000 0.000000 1.000000
1.000000 0.000000 0.000000 0.003800 0.000000 1.000000 0.000000 6.235000 -0.000000 0.000000 1.000000 4.413100 0.000000 0.000000 0.000000 1.000000
1.000000 -0.000000 0.000000 0.003800 0.000000 1.000000 -0.000000 6.235000 0.000000 0.000000 1.000000 4.413100 0.000000 0.000000 0.000000 1.000000
1.000000 0.000000 0.000000 0.003800 -0.000000 1.000000 0.000000 6.235000 -0.000000 -0.000000 1.000000 4.413100 0.000000 0.000000 0.000000 1.000000
1.000000 -0.000000 0.000000 0.003800 -0.000000 1.000000 0.000000 6.235000 -0.000000 -0.000000 1.000000 4.413100 0.000000 0.000000 0.000000 1.000000
1.000000 -0.000000 -0.000000 0.003800 0.000000 1.000000 -0.000000 6.235000 -0.000000 -0.000000 1.000000 4.413100 0.000000 0.000000 0.000000 1.000000
1.000000 0.000000 -0.000000 0.003800 0.000000 1.000000 -0.000000 6.235000 0.000000 0.000000 1.000000 4.413100 0.000000 0.000000 0.000000 1.000000</float_array><technique_common><accessor source="#Jaw-Matrix-animation-output-transform-array" count="17" stride="16"><param type="float4x4"/></accessor></technique_common></source><source id="Jaw-Interpolations"><Name_array id="Jaw-Interpolations-array" count="17">
 LINEAR LINEAR LINEAR LINEAR LINEAR LINEAR LINEAR LINEAR LINEAR LINEAR LINEAR
LINEAR LINEAR LINEAR LINEAR LINEAR LINEAR</Name_array><technique_common><accessor source="#Jaw-Interpolations-array" count="17"><param type="name"/></accessor></technique_common></source><sampler id="Jaw-Matrix-animation-transform"><input semantic="INPUT" source="#Jaw-Matrix-animation-input"/><input semantic="OUTPUT" source="#Jaw-Matrix-animation-output-transform"/><input semantic="INTERPOLATION" source="#Jaw-Interpolations"/></sampler><channel source="#Jaw-Matrix-animation-transform" target="Jaw/matrix"/></animation>
    <animation id="TongueBack-anim" name="TongueBack"><source id="TongueBack-Matrix-animation-input"><float_array id="TongueBack-Matrix-animation-input-array" count="17">

0.000000 0.033333 0.066667 0.100000 0.133333 0.166667 0.200000 0.233333 0.266667 0.300000 0.333333 0.366667 0.400000 0.433333 0.466667 0.500000
0.533333</float_array><technique_common><accessor source="#TongueBack-Matrix-animation-input-array" count="17"><param name="TIME" type="float"/></accessor></technique_common></source><source id="TongueBack-Matrix-animation-output-transform"><float_array id="TongueBack-Matrix-animation-output-transform-array" count="272">

1.000000 0.000000 -0.000000 0.000000 0.000000 1.000000 0.000000 -3.351800 0.000000 0.000000 1.000000 4.646800 0.000000 0.000000 0.000000 1.000000
1.000000 0.000000 0.000000 0.000000 0.000000 1.000000 0.000000 -3.351800 0.000000 0.000000 1.000000 4.646800 0.000000 0.000000 0.000000 1.000000
1.000000 -0.000000 0.000000 0.000000 -0.000000 1.000000 0.000000 -3.351800 0.000000 0.000000 1.000000 4.646800 0.000000 0.000000 0.000000 1.000000
1.000000 0.000000 -0.000000 0.000000 0.000000 1.000000 0.000000 -3.351800 -0.000000 -0.000000 1.000000 4.646800 0.000000 0.000000 0.000000 1.000000
1.000000 0.000000 0.000000 -0.000000 -0.000000 1.000000 0.000000 -3.351800 -0.000000 -0.000000 1.000000 4.646800 0.000000 0.000000 0.000000 1.000000
1.000000 -0.000000 -0.000000 0.000000 0.000000 1.000000 -0.000000 -3.351800 0.000000 0.000000 1.000000 4.646800 0.000000 0.000000 0.000000 1.000000
1.000000 0.000000 0.000000 0.000000 0.000000 1.000000 0.000000 -3.351800 0.000000 -0.000000 1.000000 4.646800 0.000000 0.000000 0.000000 1.000000
1.000000 -0.000000 -0.000000 -0.000000 0.000000 1.000000 0.000000 -3.351800 0.000000 -0.000000 1.000000 4.646800 0.000000 0.000000 0.000000 1.000000
1.000000 0.000000 0.000000 0.000000 0.000000 1.000000 0.000000 -3.351800 -0.000000 0.000000 1.000000 4.646800 0.000000 0.000000 0.000000 1.000000
1.000000 -0.000000 0.000000 0.000000 -0.000000 1.000000 0.000000 -3.351800 0.000000 0.000000 1.000000 4.646800 0.000000 0.000000 0.000000 1.000000
1.000000 -0.000000 -0.000000 0.000000 0.000000 1.000000 0.000000 -3.351800 0.000000 0.000000 1.000000 4.646800 0.000000 0.000000 0.000000 1.000000
1.000000 0.000000 0.000000 -0.000000 0.000000 1.000000 0.000000 -3.351800 0.000000 0.000000 1.000000 4.646800 0.000000 0.000000 0.000000 1.000000
1.000000 -0.000000 0.000000 0.000000 -0.000000 1.000000 0.000000 -3.351800 0.000000 0.000000 1.000000 4.646800 0.000000 0.000000 0.000000 1.000000
1.000000 0.000000 0.000000 -0.000000 -0.000000 1.000000 0.000000 -3.351800 0.000000 0.000000 1.000000 4.646800 0.000000 0.000000 0.000000 1.000000
1.000000 -0.000000 0.000000 -0.000000 0.000000 1.000000 0.000000 -3.351800 0.000000 0.000000 1.000000 4.646800 0.000000 0.000000 0.000000 1.000000
1.000000 -0.000000 0.000000 -0.000000 0.000000 1.000000 -0.000000 -3.351800 -0.000000 0.000000 1.000000 4.646800 0.000000 0.000000 0.000000 1.000000
1.000000 0.000000 0.000000 -0.000000 -0.000000 1.000000 -0.000000 -3.351800 -0.000000 -0.000000 1.000000 4.646800 0.000000 0.000000 0.000000 1.000000</float_array><technique_common><accessor source="#TongueBack-Matrix-animation-output-transform-array" count="17" stride="16"><param type="float4x4"/></accessor></technique_common></source><source id="TongueBack-Interpolations"><Name_array id="TongueBack-Interpolations-array" count="17">
 LINEAR LINEAR LINEAR LINEAR LINEAR LINEAR LINEAR LINEAR LINEAR LINEAR LINEAR
LINEAR LINEAR LINEAR LINEAR LINEAR LINEAR</Name_array><technique_common><accessor source="#TongueBack-Interpolations-array" count="17"><param type="name"/></accessor></technique_common></source><sampler id="TongueBack-Matrix-animation-transform"><input semantic="INPUT" source="#TongueBack-Matrix-animation-input"/><input semantic="OUTPUT" source="#TongueBack-Matrix-animation-output-transform"/><input semantic="INTERPOLATION" source="#TongueBack-Interpolations"/></sampler><channel source="#TongueBack-Matrix-animation-transform" target="TongueBack/matrix"/></animation>
    <animation id="TongueMid-anim" name="TongueMid"><source id="TongueMid-Matrix-animation-input"><float_array id="TongueMid-Matrix-animation-input-array" count="17">

0.000000 0.033333 0.066667 0.100000 0.133333 0.166667 0.200000 0.233333 0.266667 0.300000 0.333333 0.366667 0.400000 0.433333 0.466667 0.500000
0.533333</float_array><technique_common><accessor source="#TongueMid-Matrix-animation-input-array" count="17"><param name="TIME" type="float"/></accessor></technique_common></source><source id="TongueMid-Matrix-animation-output-transform"><float_array id="TongueMid-Matrix-animation-output-transform-array" count="272">

1.000000 0.000000 -0.000000 -0.000000 0.000000 1.000000 0.000000 0.042400 0.000000 0.000000 1.000000 1.665900 0.000000 0.000000 0.000000 1.000000
1.000000 0.000000 0.000000 0.000000 0.000000 1.000000 0.000000 0.042400 0.000000 0.000000 1.000000 1.665900 0.000000 0.000000 0.000000 1.000000
1.000000 -0.000000 0.000000 0.000000 -0.000000 1.000000 0.000000 0.042400 0.000000 0.000000 1.000000 1.665900 0.000000 0.000000 0.000000 1.000000
1.000000 0.000000 0.000000 0.000000 0.000000 1.000000 0.000000 0.042400 0.000000 0.000000 1.000000 1.665900 0.000000 0.000000 0.000000 1.000000
1.000000 0.000000 0.000000 0.000000 -0.000000 1.000000 0.000000 0.042400 -0.000000 -0.000000 1.000000 1.665900 0.000000 0.000000 0.000000 1.000000
1.000000 -0.000000 -0.000000 0.000000 0.000000 1.000000 0.000000 0.042400 -0.000000 -0.000000 1.000000 1.665900 0.000000 0.000000 0.000000 1.000000
1.000000 0.000000 0.000000 0.000000 0.000000 1.000000 0.000000 0.042400 0.000000 -0.000000 1.000000 1.665900 0.000000 0.000000 0.000000 1.000000
1.000000 -0.000000 -0.000000 0.000000 0.000000 1.000000 0.000000 0.042400 0.000000 -0.000000 1.000000 1.665900 0.000000 0.000000 0.000000 1.000000
1.000000 0.000000 0.000000 0.000000 0.000000 1.000000 0.000000 0.042400 -0.000000 0.000000 1.000000 1.665900 0.000000 0.000000 0.000000 1.000000
1.000000 0.000000 0.000000 0.000000 -0.000000 1.000000 0.000000 0.042400 -0.000000 0.000000 1.000000 1.665900 0.000000 0.000000 0.000000 1.000000
1.000000 -0.000000 0.000000 0.000000 0.000000 1.000000 0.000000 0.042400 0.000000 -0.000000 1.000000 1.665900 0.000000 0.000000 0.000000 1.000000
1.000000 0.000000 0.000000 -0.000000 0.000000 1.000000 0.000000 0.042400 -0.000000 0.000000 1.000000 1.665900 0.000000 0.000000 0.000000 1.000000
1.000000 -0.000000 -0.000000 0.000000 0.000000 1.000000 -0.000000 0.042400 0.000000 0.000000 1.000000 1.665900 0.000000 0.000000 0.000000 1.000000
1.000000 0.000000 0.000000 0.000000 -0.000000 1.000000 0.000000 0.042400 0.000000 0.000000 1.000000 1.665900 0.000000 0.000000 0.000000 1.000000
1.000000 -0.000000 -0.000000 0.000000 -0.000000 1.000000 -0.000000 0.042400 0.000000 -0.000000 1.000000 1.665900 0.000000 0.000000 0.000000 1.000000
1.000000 -0.000000 0.000000 -0.000000 0.000000 1.000000 -0.000000 0.042400 -0.000000 0.000000 1.000000 1.665900 0.000000 0.000000 0.000000 1.000000
